   7.3701640e+05   5.0001346e+02   0.0000000e+00  -1.0000000e+38
   7.3701640e+05   4.9002911e+02   0.0000000e+00  -1.0000000e+38
   7.3701640e+05   4.7998352e+02   0.0000000e+00  -1.0000000e+38
   7.3701640e+05   4.6999917e+02   0.0000000e+00  -1.0000000e+38
   7.3701640e+05   4.6001483e+02   0.0000000e+00  -1.0000000e+38
   7.3701640e+05   4.5003049e+02   0.0000000e+00  -1.0000000e+38
   7.3701640e+05   4.3998489e+02   0.0000000e+00  -1.0000000e+38
   7.3701640e+05   4.3000055e+02   0.0000000e+00  -1.0000000e+38
   7.3701640e+05   4.2001620e+02   0.0000000e+00  -1.0000000e+38
   7.3701640e+05   4.0997061e+02   0.0000000e+00  -1.0000000e+38
   7.3701640e+05   3.9998626e+02   0.0000000e+00  -1.0000000e+38
   7.3701640e+05   3.9000192e+02   0.0000000e+00  -1.0000000e+38
   7.3701640e+05   3.8001758e+02   0.0000000e+00  -1.0000000e+38
   7.3701640e+05   3.6997198e+02   0.0000000e+00  -1.0000000e+38
   7.3701640e+05   3.5998764e+02   0.0000000e+00  -1.0000000e+38
   7.3701640e+05   3.5000329e+02   0.0000000e+00  -1.0000000e+38
   7.3701640e+05   3.4001895e+02   0.0000000e+00  -1.0000000e+38
   7.3701640e+05   3.2997335e+02   0.0000000e+00  -1.0000000e+38
   7.3701640e+05   3.1998901e+02   0.0000000e+00  -1.0000000e+38
   7.3701640e+05   3.1000467e+02   0.0000000e+00  -1.0000000e+38
   7.3701640e+05   3.0002032e+02   0.0000000e+00  -1.0000000e+38
   7.3701640e+05   2.8997473e+02   0.0000000e+00  -1.0000000e+38
   7.3701640e+05   2.7999038e+02   0.0000000e+00  -1.0000000e+38
   7.3701640e+05   2.7000604e+02   0.0000000e+00  -1.0000000e+38
   7.3701640e+05   2.6002170e+02   0.0000000e+00  -1.0000000e+38
   7.3701640e+05   2.4997610e+02   0.0000000e+00  -1.0000000e+38
   7.3701640e+05   2.3999176e+02   0.0000000e+00  -1.0000000e+38
   7.3701640e+05   2.3000741e+02   0.0000000e+00  -1.0000000e+38
   7.3701640e+05   2.2002307e+02   0.0000000e+00  -1.0000000e+38
   7.3701640e+05   2.0997747e+02   0.0000000e+00  -1.0000000e+38
   7.3701640e+05   1.9999313e+02   0.0000000e+00  -1.0000000e+38
   7.3701640e+05   1.9797176e+02   0.0000000e+00  -1.0000000e+38
   7.3701640e+05   1.9601165e+02   0.0000000e+00  -1.0000000e+38
   7.3701640e+05   1.9399028e+02   0.0000000e+00  -1.0000000e+38
   7.3701640e+05   1.9203016e+02   0.0000000e+00  -1.0000000e+38
   7.3701640e+05   1.9000879e+02   0.0000000e+00  -1.0000000e+38
   7.3701640e+05   1.8798742e+02   0.0000000e+00  -1.0000000e+38
   7.3701640e+05   1.8602730e+02   0.0000000e+00  -1.0000000e+38
   7.3701640e+05   1.8400593e+02   0.0000000e+00  -1.0000000e+38
   7.3701640e+05   1.8198456e+02   0.0000000e+00  -1.0000000e+38
   7.3701640e+05   1.8002445e+02   0.0000000e+00  -1.0000000e+38
   7.3701640e+05   1.7800308e+02   0.0000000e+00  -1.0000000e+38
   7.3701640e+05   1.7598171e+02   0.0000000e+00  -1.0000000e+38
   7.3701640e+05   1.7402159e+02   0.0000000e+00  -1.0000000e+38
   7.3701640e+05   1.7200022e+02   0.0000000e+00  -1.0000000e+38
   7.3701640e+05   1.6997885e+02   0.0000000e+00  -1.0000000e+38
   7.3701640e+05   1.6801873e+02   0.0000000e+00  -1.0000000e+38
   7.3701640e+05   1.6599736e+02   0.0000000e+00  -1.0000000e+38
   7.3701640e+05   1.6397599e+02   0.0000000e+00  -1.0000000e+38
   7.3701640e+05   1.6201588e+02   0.0000000e+00  -1.0000000e+38
   7.3701640e+05   1.5999451e+02   0.0000000e+00  -1.0000000e+38
   7.3701640e+05   1.5797314e+02   0.0000000e+00  -1.0000000e+38
   7.3701640e+05   1.5601302e+02   0.0000000e+00  -1.0000000e+38
   7.3701640e+05   1.5399165e+02   0.0000000e+00  -1.0000000e+38
   7.3701640e+05   1.5197028e+02   0.0000000e+00  -1.0000000e+38
   7.3701640e+05   1.5001016e+02   0.0000000e+00  -1.0000000e+38
   7.3701640e+05   1.4798879e+02   0.0000000e+00  -1.0000000e+38
   7.3701640e+05   1.4602868e+02   0.0000000e+00  -1.0000000e+38
   7.3701640e+05   1.4400731e+02   0.0000000e+00  -1.0000000e+38
   7.3701640e+05   1.4198594e+02   0.0000000e+00  -1.0000000e+38
   7.3701640e+05   1.4002582e+02   0.0000000e+00  -1.0000000e+38
   7.3701640e+05   1.3800445e+02   0.0000000e+00  -1.0000000e+38
   7.3701640e+05   1.3598308e+02   0.0000000e+00  -1.0000000e+38
   7.3701640e+05   1.3402296e+02   0.0000000e+00  -1.0000000e+38
   7.3701640e+05   1.3200159e+02   0.0000000e+00  -1.0000000e+38
   7.3701640e+05   1.2998022e+02   0.0000000e+00  -1.0000000e+38
   7.3701640e+05   1.2802011e+02   0.0000000e+00  -1.0000000e+38
   7.3701640e+05   1.2599874e+02   0.0000000e+00  -1.0000000e+38
   7.3701640e+05   1.2397737e+02   0.0000000e+00  -1.0000000e+38
   7.3701640e+05   1.2201725e+02   0.0000000e+00  -1.0000000e+38
   7.3701640e+05   1.1999588e+02   0.0000000e+00  -1.0000000e+38
   7.3701640e+05   1.1901582e+02   0.0000000e+00  -1.0000000e+38
   7.3701640e+05   1.1797451e+02   0.0000000e+00  -1.0000000e+38
   7.3701640e+05   1.1699445e+02   0.0000000e+00  -1.0000000e+38
   7.3701640e+05   1.1601439e+02   0.0000000e+00  -1.0000000e+38
   7.3701640e+05   1.1497308e+02   0.0000000e+00  -1.0000000e+38
   7.3701640e+05   1.1399302e+02   0.0000000e+00  -1.0000000e+38
   7.3701640e+05   1.1301296e+02   0.0000000e+00  -1.0000000e+38
   7.3701640e+05   1.1197165e+02   0.0000000e+00  -1.0000000e+38
   7.3701640e+05   1.1099159e+02   0.0000000e+00  -1.0000000e+38
   7.3701640e+05   1.1001154e+02   0.0000000e+00  -1.0000000e+38
   7.3701640e+05   1.0897022e+02   0.0000000e+00  -1.0000000e+38
   7.3701640e+05   1.0799017e+02   0.0000000e+00  -1.0000000e+38
   7.3701640e+05   1.0701011e+02   0.0000000e+00  -1.0000000e+38
   7.3701640e+05   1.0603005e+02   0.0000000e+00  -1.0000000e+38
   7.3701640e+05   1.0498874e+02   0.0000000e+00  -1.0000000e+38
   7.3701640e+05   1.0400868e+02   0.0000000e+00  -1.0000000e+38
   7.3701640e+05   1.0302862e+02   0.0000000e+00  -1.0000000e+38
   7.3701640e+05   1.0198731e+02   0.0000000e+00  -1.0000000e+38
   7.3701640e+05   1.0100725e+02   0.0000000e+00  -1.0000000e+38
   7.3701640e+05   1.0002719e+02   0.0000000e+00  -1.0000000e+38
   7.3701640e+05   9.8985881e+01   0.0000000e+00  -1.0000000e+38
   7.3701640e+05   9.8005823e+01   0.0000000e+00  -1.0000000e+38
   7.3701640e+05   9.7025764e+01   0.0000000e+00  -1.0000000e+38
   7.3701640e+05   9.5984453e+01   0.0000000e+00  -1.0000000e+38
   7.3701640e+05   9.5004394e+01   0.0000000e+00  -1.0000000e+38
   7.3701640e+05   9.4024336e+01   0.0000000e+00  -1.0000000e+38
   7.3701640e+05   9.2983024e+01   0.0000000e+00  -1.0000000e+38
   7.3701640e+05   9.2002966e+01   0.0000000e+00  -1.0000000e+38
   7.3701640e+05   9.1022908e+01   0.0000000e+00  -1.0000000e+38
   7.3701640e+05   8.9981596e+01   0.0000000e+00  -1.0000000e+38
   7.3701640e+05   8.9001538e+01   0.0000000e+00  -1.0000000e+38
   7.3701640e+05   8.8021479e+01   0.0000000e+00  -1.0000000e+38
   7.3701640e+05   8.6980168e+01   0.0000000e+00  -1.0000000e+38
   7.3701640e+05   8.6000109e+01   0.0000000e+00  -1.0000000e+38
   7.3701640e+05   8.5020051e+01   0.0000000e+00  -1.0000000e+38
   7.3701640e+05   8.3978739e+01   0.0000000e+00  -1.0000000e+38
   7.3701640e+05   8.2998681e+01   0.0000000e+00  -1.0000000e+38
   7.3701640e+05   8.2018623e+01   0.0000000e+00  -1.0000000e+38
   7.3701640e+05   8.0977311e+01   0.0000000e+00  -1.0000000e+38
   7.3701640e+05   7.9997253e+01   0.0000000e+00  -1.0000000e+38
   7.3701640e+05   7.9017194e+01   0.0000000e+00  -1.0000000e+38
   7.3701640e+05   7.7975883e+01   0.0000000e+00  -1.0000000e+38
   7.3701640e+05   7.6995824e+01   0.0000000e+00  -1.0000000e+38
   7.3701640e+05   7.6015766e+01   0.0000000e+00  -1.0000000e+38
   7.3701640e+05   7.4974454e+01   0.0000000e+00  -1.0000000e+38
   7.3701640e+05   7.3994396e+01   0.0000000e+00  -1.0000000e+38
   7.3701640e+05   7.3014338e+01   0.0000000e+00  -1.0000000e+38
   7.3701640e+05   7.1973026e+01   0.0000000e+00  -1.0000000e+38
   7.3701640e+05   7.0992968e+01   0.0000000e+00  -1.0000000e+38
   7.3701640e+05   7.0012910e+01   0.0000000e+00  -1.0000000e+38
   7.3701640e+05   6.8971598e+01   0.0000000e+00  -1.0000000e+38
   7.3701640e+05   6.7991539e+01   0.0000000e+00  -1.0000000e+38
   7.3701640e+05   6.7011481e+01   0.0000000e+00  -1.0000000e+38
   7.3701640e+05   6.5970169e+01   0.0000000e+00  -1.0000000e+38
   7.3701640e+05   6.4990111e+01   0.0000000e+00  -1.0000000e+38
   7.3701640e+05   6.4010053e+01   0.0000000e+00  -1.0000000e+38
   7.3701640e+05   6.3029995e+01   0.0000000e+00  -1.0000000e+38
   7.3701640e+05   6.1988683e+01   0.0000000e+00  -1.0000000e+38
   7.3701640e+05   6.1008625e+01   0.0000000e+00  -1.0000000e+38
   7.3701640e+05   6.0028566e+01   0.0000000e+00  -1.0000000e+38
   7.3701640e+05   5.8987254e+01   0.0000000e+00  -1.0000000e+38
   7.3701640e+05   5.8007196e+01   0.0000000e+00  -1.0000000e+38
   7.3701640e+05   5.7027138e+01   0.0000000e+00  -1.0000000e+38
   7.3701640e+05   5.5985826e+01   0.0000000e+00  -1.0000000e+38
   7.3701640e+05   5.5005768e+01   0.0000000e+00  -1.0000000e+38
   7.3701640e+05   5.4025710e+01   0.0000000e+00  -1.0000000e+38
   7.3701640e+05   5.2984398e+01   0.0000000e+00  -1.0000000e+38
   7.3701640e+05   5.2004340e+01   0.0000000e+00  -1.0000000e+38
   7.3701640e+05   5.1024281e+01   0.0000000e+00  -1.0000000e+38
   7.3701640e+05   4.9982970e+01   0.0000000e+00  -1.0000000e+38
   7.3701640e+05   4.9002911e+01   0.0000000e+00  -1.0000000e+38
   7.3701640e+05   4.8022853e+01   0.0000000e+00  -1.0000000e+38
   7.3701640e+05   4.6981541e+01   0.0000000e+00  -1.0000000e+38
   7.3701640e+05   4.6001483e+01   0.0000000e+00  -1.0000000e+38
   7.3701640e+05   4.5021425e+01   0.0000000e+00  -1.0000000e+38
   7.3701640e+05   4.3980113e+01   0.0000000e+00  -1.0000000e+38
   7.3701640e+05   4.3000055e+01   0.0000000e+00  -1.0000000e+38
   7.3701640e+05   4.2019996e+01   0.0000000e+00  -1.0000000e+38
   7.3701640e+05   4.0978685e+01   0.0000000e+00  -1.0000000e+38
   7.3701640e+05   3.9998626e+01   0.0000000e+00  -1.0000000e+38
   7.3701640e+05   3.9018568e+01   0.0000000e+00  -1.0000000e+38
   7.3701640e+05   3.7977256e+01   0.0000000e+00  -1.0000000e+38
   7.3701640e+05   3.6997198e+01   0.0000000e+00  -1.0000000e+38
   7.3701640e+05   3.6017140e+01   0.0000000e+00  -1.0000000e+38
   7.3701640e+05   3.4975828e+01   0.0000000e+00  -1.0000000e+38
   7.3701640e+05   3.3995770e+01   0.0000000e+00  -1.0000000e+38
   7.3701640e+05   3.3015711e+01   0.0000000e+00  -1.0000000e+38
   7.3701640e+05   3.1974400e+01   0.0000000e+00  -1.0000000e+38
   7.3701640e+05   3.0994341e+01   0.0000000e+00  -1.0000000e+38
   7.3701640e+05   3.0014283e+01   0.0000000e+00  -1.0000000e+38
   7.3701640e+05   2.8972971e+01   0.0000000e+00  -1.0000000e+38
   7.3701640e+05   2.7992913e+01   0.0000000e+00  -1.0000000e+38
   7.3701640e+05   2.7012855e+01   0.0000000e+00  -1.0000000e+38
   7.3701640e+05   2.5971543e+01   0.0000000e+00  -1.0000000e+38
   7.3701640e+05   2.4991485e+01   0.0000000e+00  -1.0000000e+38
   7.3701640e+05   2.4011427e+01   0.0000000e+00  -1.0000000e+38
   7.3701640e+05   2.2970115e+01   0.0000000e+00  -1.0000000e+38
   7.3701640e+05   2.1990056e+01   0.0000000e+00  -1.0000000e+38
   7.3701640e+05   2.1009998e+01   0.0000000e+00  -1.0000000e+38
   7.3701640e+05   2.0029940e+01   0.0000000e+00  -1.0000000e+38
   7.3701640e+05   1.8988628e+01   0.0000000e+00  -1.0000000e+38
   7.3701640e+05   1.8008570e+01   0.0000000e+00  -1.0000000e+38
   7.3701640e+05   1.7028512e+01   0.0000000e+00  -1.0000000e+38
   7.3701640e+05   1.5987200e+01   0.0000000e+00  -1.0000000e+38
   7.3701640e+05   1.5007142e+01   0.0000000e+00  -1.0000000e+38
   7.3701640e+05   1.4027083e+01   0.0000000e+00  -1.0000000e+38
   7.3701640e+05   1.2985771e+01   0.0000000e+00  -1.0000000e+38
   7.3701640e+05   1.2005713e+01   0.0000000e+00  -1.0000000e+38
   7.3701640e+05   1.1025655e+01   0.0000000e+00  -1.0000000e+38
   7.3701640e+05   9.9843432e+00   0.0000000e+00  -1.0000000e+38
   7.3701640e+05   9.0042850e+00   0.0000000e+00  -1.0000000e+38
   7.3701640e+05   8.0242267e+00   0.0000000e+00  -1.0000000e+38
   7.3701640e+05   6.9829149e+00   0.0000000e+00  -1.0000000e+38
   7.3701640e+05   6.0028566e+00   0.0000000e+00  -1.0000000e+38
   7.3701640e+05   5.0227984e+00   0.0000000e+00  -1.0000000e+38
   7.3701640e+05   3.9814865e+00   0.0000000e+00  -1.0000000e+38
   7.3701640e+05   3.0014283e+00   0.0000000e+00  -1.0000000e+38
   7.3701640e+05   2.0213701e+00   0.0000000e+00  -1.0000000e+38
   7.3701640e+05   9.8005823e-01   0.0000000e+00  -1.0000000e+38
   7.3701640e+05   0.0000000e+00   0.0000000e+00  -1.0000000e+38
