   7.3698876e+05   1.9999313e+02   0.0000000e+00   5.0381866e-02
   7.3698876e+05   1.9000879e+02   0.0000000e+00   4.6245239e-02
   7.3698876e+05   1.8002445e+02   0.0000000e+00   4.2270904e-02
   7.3698876e+05   1.6997885e+02   0.0000000e+00   3.8894352e-02
   7.3698876e+05   1.5999451e+02   0.0000000e+00   3.6083114e-02
   7.3698876e+05   1.5001016e+02   0.0000000e+00   3.3059891e-02
   7.3698876e+05   1.4002582e+02   0.0000000e+00   3.0492546e-02
   7.3698876e+05   1.2998022e+02   0.0000000e+00   2.7714622e-02
   7.3698876e+05   1.1999588e+02   0.0000000e+00   2.4716703e-02
   7.3698876e+05   1.1001154e+02   0.0000000e+00   2.2092144e-02
   7.3698876e+05   1.0002719e+02   0.0000000e+00   1.9017754e-02
   7.3698876e+05   8.9981596e+01   0.0000000e+00   1.6147615e-02
   7.3698876e+05   7.9997253e+01   0.0000000e+00   1.3564666e-02
   7.3698876e+05   7.0012910e+01   0.0000000e+00  -1.1261531e+01
   7.3698876e+05   6.0028566e+01   0.0000000e+00  -1.1263571e+01
   7.3698876e+05   4.9982970e+01   0.0000000e+00  -1.1265396e+01
   7.3698876e+05   3.9998626e+01   0.0000000e+00  -1.1266903e+01
   7.3698876e+05   3.0014283e+01   0.0000000e+00  -1.1267957e+01
   7.3698876e+05   2.0029940e+01   0.0000000e+00  -1.1268822e+01
   7.3698876e+05   9.9843432e+00   0.0000000e+00  -1.1269397e+01
   7.3698876e+05   0.0000000e+00   0.0000000e+00  -1.1269734e+01
