   0.0000000e+00   0.0000000e+00   0.0000000e+00   0.0000000e+00
   0.0000000e+00   2.0051365e+00   0.0000000e+00   2.0460326e-04
   0.0000000e+00   3.9949666e+00   0.0000000e+00   6.3264650e-04
   0.0000000e+00   6.0001030e+00   0.0000000e+00   1.2441368e-03
   0.0000000e+00   8.0052395e+00   0.0000000e+00   1.4642031e-03
   0.0000000e+00   9.9950696e+00   0.0000000e+00   1.8542214e-03
   0.0000000e+00   1.2000206e+01   0.0000000e+00   2.5070401e-03
   0.0000000e+00   1.4005343e+01   0.0000000e+00   2.6895032e-03
   0.0000000e+00   1.5995173e+01   0.0000000e+00   3.1526193e-03
   0.0000000e+00   1.8000309e+01   0.0000000e+00   3.7556753e-03
   0.0000000e+00   2.0005446e+01   0.0000000e+00   3.9649877e-03
   0.0000000e+00   2.1995276e+01   0.0000000e+00   4.4050499e-03
   0.0000000e+00   2.4000412e+01   0.0000000e+00   5.0743858e-03
   0.0000000e+00   2.6005549e+01   0.0000000e+00   5.2577626e-03
   0.0000000e+00   2.7995379e+01   0.0000000e+00   5.6971922e-03
   0.0000000e+00   3.0000515e+01   0.0000000e+00   6.3321582e-03
   0.0000000e+00   3.2005652e+01   0.0000000e+00   6.5754891e-03
   0.0000000e+00   3.3995482e+01   0.0000000e+00   6.9903889e-03
   0.0000000e+00   3.6000618e+01   0.0000000e+00   7.6538207e-03
   0.0000000e+00   3.8005755e+01   0.0000000e+00   7.8904042e-03
   0.0000000e+00   3.9995585e+01   0.0000000e+00   8.3318721e-03
   0.0000000e+00   4.2000721e+01   0.0000000e+00   8.9983966e-03
   0.0000000e+00   4.4005858e+01   0.0000000e+00   9.2522002e-03
   0.0000000e+00   4.5995688e+01   0.0000000e+00   9.7440634e-03
   0.0000000e+00   4.8000824e+01   0.0000000e+00   1.0469628e-02
   0.0000000e+00   5.0005961e+01   0.0000000e+00   1.0716263e-02
   0.0000000e+00   5.1995791e+01   0.0000000e+00   1.1171718e-02
   0.0000000e+00   5.4000927e+01   0.0000000e+00   1.1901219e-02
   0.0000000e+00   5.6006064e+01   0.0000000e+00   1.2178006e-02
   0.0000000e+00   5.7995894e+01   0.0000000e+00   1.2720897e-02
   0.0000000e+00   6.0001030e+01   0.0000000e+00   1.3439714e-02
   0.0000000e+00   6.2006167e+01   0.0000000e+00   1.3736674e-02
   0.0000000e+00   6.3995997e+01   0.0000000e+00   1.4222492e-02
   0.0000000e+00   6.6001133e+01   0.0000000e+00   1.4989807e-02
   0.0000000e+00   6.8006270e+01   0.0000000e+00   1.5235809e-02
   0.0000000e+00   6.9996100e+01   0.0000000e+00   1.5791633e-02
   0.0000000e+00   7.2001236e+01   0.0000000e+00   1.6533574e-02
   0.0000000e+00   7.4006373e+01   0.0000000e+00   1.6836648e-02
   0.0000000e+00   7.5996203e+01   0.0000000e+00   1.7358594e-02
   0.0000000e+00   7.8001339e+01   0.0000000e+00   1.8152407e-02
   0.0000000e+00   8.0006476e+01   0.0000000e+00   1.8457941e-02
   0.0000000e+00   8.1996306e+01   0.0000000e+00   1.9049751e-02
   0.0000000e+00   8.4001442e+01   0.0000000e+00   1.9790287e-02
   0.0000000e+00   8.6006579e+01   0.0000000e+00   2.0145725e-02
   0.0000000e+00   8.7996409e+01   0.0000000e+00   2.0669849e-02
   0.0000000e+00   9.0001545e+01   0.0000000e+00   2.1484959e-02
   0.0000000e+00   9.2006682e+01   0.0000000e+00   2.1833719e-02
   0.0000000e+00   9.3996512e+01   0.0000000e+00   2.2456385e-02
   0.0000000e+00   9.6001649e+01   0.0000000e+00   2.3256524e-02
   0.0000000e+00   9.8006785e+01   0.0000000e+00   2.3577029e-02
   0.0000000e+00   9.9996615e+01   0.0000000e+00   2.4118514e-02
