#I+8.670000E+02
+2.000000E+00
+8.010000E+02
+8.010000E+02
+1.000000E+00
+0.000000E+00
+3.000000E+00
+0.000000E+00
+1.000000E+00
+1.000000E+00
+1.000000E+00
+1.000000E+00
+2.497000E+03
-1.092400E+04
+2.025600E+04
-1.299100E+04
-1.119200E+04
+0.000000E+00
+0.000000E+00
+0.000000E+00
+0.000000E+00
+0.000000E+00
+0.000000E+00
+0.000000E+00
+0.000000E+00
+0.000000E+00
+0.000000E+00
+0.000000E+00
+0.000000E+00
+0.000000E+00
+0.000000E+00
+0.000000E+00
+0.000000E+00
+0.000000E+00+0.000000E+00
+0.000000E+00
+1.000000E+00
+0.000000E+00
+1.000000E+00
+0.000000E+00
+1.000000E+00
+0.000000E+00
+0.000000E+00
+0.000000E+00
+0.000000E+00
+1.000000E+00
+4.500000E+01
+4.500000E+01
+0.000000E+00
+0.000000E+00
+1.000000E+00
+0.000000E+00
+0.000000E+00
+0.000000E+00
+0.000000E+00
+0.000000E+00
+1.250000E+02
+2.517854E-05
+0.000000E+00
+1.000000E+03
+1.000000E+03
+1.000000E+00
+1.000000E+00
+0.000000E+00
+0.000000E+00
+0.0000000000000000E+00
+0.0000000000000000E+00
+1.671994E-08
+2.411002E-08
+1.709068E-09
+2.845872E-10
+1.498907E-10
+2.098404E-10
+4.111540E-11
+4.760178E-11
+7.805549E-11
+4.297573E-11
+1.426184E-11
+1.660540E-11
+6.552314E-11
+1.410108E-11
+9.471920E-13
+7.209609E-12
+6.757705E-12
+8.091963E-12
+4.439943E-12
+9.447332E-12
+1.174212E-11
+6.791076E-12
+6.061834E-12
+3.638949E-12
+3.676175E-12
+5.209782E-12
+9.802122E-13
+6.199294E-12
+6.648871E-12
+2.464774E-12
+4.293227E-13
+6.795698E-12
+1.049496E-11
+4.056357E-12
+1.561111E-12
+3.115337E-13
+3.646142E-12
+4.690987E-12
+5.030824E-12
+5.982556E-12
+2.140744E-12
+1.535547E-12
+1.920332E-12
+3.062156E-13
+2.239344E-12
+1.244819E-12
+8.091898E-13
+1.637168E-12
+5.517919E-12
+5.379206E-13
+1.636752E-12
+1.276110E-12
+9.847424E-13
+1.771467E-12
+4.209327E-12
+1.327902E-12
+2.701257E-12
+5.220648E-13
+5.280590E-14
+1.134084E-13
+2.377795E-13
+3.216962E-13
+5.865039E-14
+4.514539E-14
+8.750790E-13
+1.264955E-12
+1.030834E-12
+1.371714E-12
+4.042057E-13
+1.321065E-13
+3.954678E-13
+4.656610E-13
+4.117473E-13
+5.609652E-13
+1.622614E-13
+1.200216E-13
+3.110581E-16
+1.244838E-14
+3.308529E-13
+9.313791E-13
+3.898047E-13
+2.383983E-14
+1.806408E-14
+6.225945E-14
+7.281491E-14
+1.944263E-13
+4.573540E-13
+8.591000E-13
+8.262828E-13
+1.010783E-14
+2.483868E-13
+3.889415E-15
+5.249563E-13
+7.369655E-13
+4.739313E-13
+1.223806E-13
+2.699091E-13
+2.982593E-13
+1.796624E-13
+1.080569E-12
+2.959590E-13
+9.027147E-14
+1.151513E-13
+1.800224E-13
+1.501475E-13
+4.893847E-13
+4.090117E-13
+3.108927E-13
+1.440582E-13
+5.886579E-13
+7.124649E-14
+2.603701E-13
+1.238046E-13
+4.524553E-14
+2.494899E-14
+2.471912E-13
+5.230209E-13
+9.395249E-13
+9.873174E-13
+1.222360E-13
+5.683633E-14
+1.007898E-12
+9.316187E-13
+9.742727E-13
+4.720506E-12
+3.334477E-11
+4.742925E-11
+1.000706E-10
+4.568260E-10
+5.282411E-11
+4.386649E-11
+2.166971E-11
+3.745144E-12
+8.557202E-14
+6.146122E-13
+1.485387E-12
+4.714828E-13
+6.887272E-13
+4.316916E-13
+1.156353E-12
+1.599310E-12
+5.486796E-13
+1.918364E-13
+4.763787E-14
+6.033289E-14
+5.310559E-15
+4.066344E-13
+9.893043E-13
+3.663291E-13
+1.325148E-14
+2.484458E-13
+1.586618E-12
+1.793490E-12
+1.923078E-13
+7.793146E-16
+5.288111E-13
+1.074501E-12
+5.181312E-13
+2.282920E-12
+2.050804E-12
+1.939709E-13
+4.804665E-13
+9.482074E-13
+2.710320E-13
+4.554449E-14
+2.027069E-13
+5.852373E-13
+1.752091E-13
+4.054372E-13
+5.432744E-13
+3.369340E-13
+4.054871E-15
+1.817538E-13
+3.902040E-13
+2.326870E-13
+4.015995E-14
+2.032907E-13
+3.656672E-13
+8.197517E-13
+2.450648E-13
+7.777890E-13
+8.207499E-12
+5.053112E-12
+1.598107E-13
+2.918522E-13
+1.100719E-13
+1.574883E-13
+3.844492E-13
+4.555537E-13
+2.662628E-13
+1.655205E-14
+8.827727E-14
+3.252055E-13
+2.157701E-13
+1.050884E-13
+8.443418E-14
+1.599062E-13
+1.275718E-13
+9.246031E-14
+2.774974E-14
+3.674316E-13
+5.807114E-13
+5.090659E-13
+9.435002E-14
+2.698784E-14
+1.204797E-13
+8.119209E-14
+2.124724E-14
+8.832914E-14
+2.480735E-13
+1.951428E-13
+1.887900E-14
+3.009820E-14
+2.135661E-13
+2.775510E-13
+4.457615E-13
+1.671588E-13
+4.020695E-13
+5.611503E-13
+4.939190E-13
+4.882664E-13
+8.995200E-14
+7.642025E-14
+6.194682E-14
+3.192833E-13
+1.936227E-13
+3.009408E-14
+3.397484E-14
+2.026719E-13
+1.571306E-13
+7.924630E-14
+1.234424E-12
+1.264686E-12
+2.373751E-13
+2.282149E-13
+1.311006E-13
+2.529449E-12
+3.488087E-11
+2.043612E-11
+4.967222E-13
+1.162609E-13
+2.186373E-13
+1.646576E-12
+7.930123E-12
+2.802644E-12
+3.930107E-13
+1.211552E-12
+2.546820E-13
+3.031940E-13
+1.837195E-12
+1.748193E-12
+6.013948E-13
+5.291727E-14
+2.108059E-13
+6.058940E-13
+3.541366E-12
+7.618798E-12
+1.007196E-11
+3.248262E-12
+1.234337E-13
+3.928626E-13
+1.930219E-13
+5.636831E-13
+5.786718E-13
+3.793252E-14
+7.477726E-13
+2.874754E-13
+3.035428E-13
+6.055322E-13
+2.999922E-13
+3.947649E-13
+1.734993E-13
+1.324619E-13
+1.409397E-13
+1.771232E-13
+9.547133E-13
+4.549524E-12
+1.466983E-12
+2.113589E-13
+8.019397E-13
+1.730833E-13
+2.972231E-13
+1.178573E-12
+1.070752E-13
+3.489723E-13
+2.092956E-13
+6.611196E-14
+1.029826E-12
+9.519286E-13
+4.637444E-14
+3.087237E-13
+3.000189E-13
+7.312397E-13
+2.505962E-12
+1.963496E-12
+4.255748E-13
+8.484244E-13
+4.273860E-13
+7.323287E-13
+4.875632E-13
+9.296808E-13
+5.421926E-14
+3.532590E-13
+3.109742E-15
+2.041096E-13
+2.526448E-13
+5.098289E-13+3.854921E-13
+5.030235E-14
+9.746904E-14
+3.018037E-13
+7.834808E-14
+1.310871E-13
+1.459800E-13
+1.008444E-14
+1.410495E-13
+4.857973E-14
+1.492009E-13
+5.019854E-13
+5.050200E-13
+5.286205E-14
+1.201132E-13
+8.402102E-14
+2.386036E-13
+1.311309E-13
+1.241129E-15
+2.179289E-13
+2.959113E-13
+4.246142E-13
+5.212435E-13
+2.706523E-13
+1.520266E-13
+1.976849E-13
+6.860723E-14
+5.745477E-14
+8.979701E-14
+7.849973E-14
+4.514616E-13
+3.895886E-13
+3.181791E-14
+7.090525E-14
+2.520530E-13
+3.058114E-13
+6.366580E-13
+9.155452E-13
+1.285343E-13
+1.147448E-13
+1.310469E-13
+3.102422E-15
+1.255314E-13
+1.614367E-14
+2.192807E-13
+2.548228E-13
+9.069274E-14
+5.168927E-14
+7.677387E-13
+5.739109E-13
+3.146407E-13
+1.643465E-13
+8.216431E-15
+2.542350E-14
+3.286570E-14
+3.139633E-13
+3.873687E-13
+1.253294E-12
+1.302111E-12
+5.727706E-14
+1.503256E-13
+1.045700E-13
+1.689667E-13
+3.290930E-14
+3.098855E-13
+5.724273E-14
+1.521471E-13
+1.156817E-13
+2.635944E-14
+1.527268E-13
+5.582171E-15
+8.064104E-15
+2.185476E-13
+2.743026E-13
+1.454219E-13
+4.702865E-13
+1.367093E-12
+4.348106E-12
+1.177019E-12
+8.994161E-12
+3.273898E-12
+3.167119E-13
+6.081500E-14
+3.232623E-13
+4.226546E-13
+2.742156E-13
+2.261453E-13
+8.593874E-14
+3.382316E-14
+4.531565E-13
+5.666238E-14
+1.316933E-13
+2.439285E-13
+1.383492E-13
+9.089311E-14
+7.765359E-15
+7.840199E-14
+9.079544E-14
+3.173232E-13
+3.636590E-13
+2.761297E-14
+3.878088E-13
+7.385642E-13
+3.878561E-14
+2.924897E-13
+1.342493E-13
+5.045497E-14
+3.292373E-14
+4.505594E-14
+2.549214E-14
+2.299527E-14
+3.183990E-14
+1.953287E-13
+6.209255E-13
+8.505129E-13
+5.090046E-13
+7.510473E-14
+8.069117E-15
+5.478034E-14
+1.864005E-13
+3.033260E-13
+9.471576E-14
+2.547242E-14
+7.271652E-14
+1.346146E-13
+2.550539E-13
+9.529047E-14
+5.749328E-15
+3.386287E-14
+1.372767E-13
+2.144081E-13
+3.435242E-13
+3.600955E-14
+1.665362E-13
+7.760402E-15
+1.272796E-13
+9.717964E-14
+7.577089E-14
+8.215716E-14
+3.618195E-13
+3.195241E-13
+2.041403E-13
+4.553573E-13
+1.646778E-13
+3.486697E-13
+1.316699E-13
+5.278209E-15
+3.042321E-14
+8.955508E-14
+1.368903E-13
+3.880235E-14
+2.638791E-14
+1.647151E-13
+3.509240E-14
+2.997592E-14
+7.612831E-14
+2.617285E-13
+1.848732E-13
+1.146989E-13
+1.370265E-13
+2.300102E-13
+4.471602E-14
+6.457521E-14
+6.984084E-14
+1.551830E-14
+1.567241E-14
+1.381012E-13
+3.289721E-14
+1.800197E-14
+1.207544E-13
+3.508457E-14
+4.114914E-14
+5.048102E-14
+6.603684E-14
+1.851423E-13
+8.834762E-14
+3.844882E-13
+2.192777E-13
+4.359889E-14
+1.937624E-13
+2.984497E-13
+3.110003E-13
+8.065873E-15
+5.987669E-14
+4.033552E-15
+5.166824E-14
+1.083231E-13
+1.505722E-13
+1.353998E-13
+1.082640E-13
+9.890489E-14
+3.285836E-13
+1.048909E-13
+2.637097E-14
+6.265625E-14
+1.124207E-13
+7.457591E-14
+7.891073E-14
+6.653690E-13
+1.095885E-12
+4.961136E-13
+3.054508E-13
+9.014441E-13
+3.922569E-13
+6.759463E-13
+1.543306E-12
+6.903423E-14
+1.326316E-12
+1.432817E-12
+2.872486E-13
+9.437492E-13
+6.231473E-13
+3.223173E-13
+1.093973E-13
+5.578325E-15
+2.251563E-13
+4.624368E-13
+8.338511E-13
+8.262360E-13
+5.403410E-13
+6.577177E-13
+9.943820E-14
+1.429776E-13
+6.642725E-13
+4.923654E-13
+1.316983E-13
+1.499491E-13
+6.334553E-14
+4.165671E-14
+1.477195E-13
+3.482185E-13
+2.515969E-13
+3.174035E-14
+4.025812E-14
+1.393674E-14
+5.079813E-14
+2.307979E-14
+2.536192E-13
+5.744599E-13
+1.427636E-13
+2.368516E-14
+2.355656E-13
+3.164590E-13
+1.041312E-13
+7.580840E-14
+7.502970E-14
+4.486153E-15
+8.972285E-15
+4.630152E-13
+3.163804E-13
+8.045666E-14
+3.840759E-13
+7.955171E-14
+2.105285E-14
+6.190426E-14
+8.045720E-15
+7.502688E-14
+2.613895E-14
+1.546466E-16
+1.499904E-14
+1.611104E-13
+1.267787E-13
+4.019711E-14
+1.249208E-13
+9.044688E-14
+3.285667E-13
+1.093570E-12
+4.865362E-13
+8.569013E-14
+1.598080E-13
+2.604641E-13
+1.269602E-13
+4.715780E-14
+1.793296E-13
+9.752268E-13
+6.244369E-13
+1.392532E-13
+2.375406E-13
+6.568222E-14
+1.486756E-13
+1.120519E-13
+2.117530E-14
+1.128418E-13
+5.642735E-14
+5.597133E-14
+1.826325E-13
+2.030162E-13
+1.712981E-13
+1.885942E-14
+1.337057E-13
+2.573486E-13
+9.428019E-15
+1.044790E-13
+5.764910E-14
+7.125162E-14
+7.496434E-14
+6.337606E-14
+1.685021E-14
+3.865138E-14
+1.685416E-13
+1.809385E-13
+9.806360E-14
+5.644865E-14
+1.314406E-14
+1.546206E-15
+3.092156E-15
+6.833219E-14
+1.893730E-13
+2.627948E-15
+1.236662E-14
+7.574574E-14
+1.800927E-13
+7.806867E-14
+9.476947E-14
+2.538698E-13
+9.679423E-14
+5.969074E-14
+8.568038E-14
+8.041707E-14
+4.020662E-14
+2.103043E-14
+8.613012E-14
+4.417802E-13
+4.887902E-13
+8.195613E-15
+7.546383E-14
+1.314489E-13
+4.845325E-13
+1.585320E-13
+3.047160E-13
+4.776921E-13
+4.073510E-13
+2.878728E-12
+6.447643E-12
+1.326168E-13
+4.130077E-13
+3.682370E-12
+5.079368E-12
+3.478601E-13
+5.671393E-13
+8.062407E-13
+1.177678E-13
+5.726150E-14
+5.331791E-13
+2.402162E-13
+9.225446E-14
+1.840592E-13
+9.490179E-14
+9.305303E-14
+1.687829E-14
+2.342647E-13
+8.640679E-13
+3.127216E-13
+5.712234E-14
+2.030902E-13
+3.962534E-13
+7.622890E-13
+2.044557E-13
+2.476290E-13
+6.156501E-13
+3.172583E-14
+3.497520E-14
+2.137177E-13
+6.464108E-13
+2.805703E-13
+1.501129E-14
+1.612443E-13
+2.266867E-13
+2.699958E-13
+3.372813E-14
+4.471043E-13
+2.854195E-13
+7.440637E-14
+1.834546E-13
+3.319354E-13
+2.601544E-13
+2.507092E-13
+1.388824E-13
+6.325265E-14
+3.603275E-14
+1.128889E-13
+3.278329E-13
+2.030342E-13
+6.881014E-14
+1.337509E-13
+3.489800E-13
+1.128705E-13
+2.628426E-14
+1.405400E-13
+2.184578E-13
+2.561756E-13
+3.810854E-13
+9.043810E-14
+2.473467E-14
+1.545885E-13
+1.573678E-13
+1.227383E-13
+2.041992E-13
+2.463911E-13
+3.029550E-14
+3.091273E-14
+1.225649E-13
+1.132876E-13
+2.078673E-13
+3.739942E-13
+2.140349E-13
+3.609884E-13
+6.984647E-13
+3.325323E-13
+1.744501E-13
+9.718823E-14
+1.453913E-13
+1.076879E-13
+1.544969E-14
+1.637612E-14
+1.931085E-14
+7.569618E-15
+1.544774E-15
+7.121201E-14
+1.560133E-14
+1.064261E-13
+2.857525E-14
+4.016006E-13
+5.086474E-13
+8.032187E-14
+3.614536E-13
+2.343310E-13
+4.390125E-13
+1.365573E-13
+5.499503E-14
+9.840760E-14
+1.004201E-14
+1.412128E-13
+2.863032E-13
+1.572982E-13
+2.912827E-13
+1.893082E-13
+1.199299E-13
+1.560946E-13
+5.718380E-15
+1.560996E-13
+3.391017E-13
+2.253554E-13
+1.582820E-13
+6.956158E-15
+4.096682E-14
+5.255844E-15
+7.203328E-14
+1.058834E-13
+1.051096E-13
+1.361797E-13
+9.722915E-14
+1.722053E-13
+1.185556E-12
+1.055657E-12
+6.705743E-13
+5.620595E-13
+6.987271E-14
+1.638684E-14
+1.487284E-13
+1.256265E-12
+3.601442E-12
+7.647252E-13
+6.323147E-14
+2.357506E-13
+8.138951E-13
+1.064327E-12
+3.050098E-13
+2.628241E-15
+1.065318E-13
+4.527671E-13
+2.418721E-13
+1.911515E-13
+1.681102E-13
+1.239131E-13
+5.759931E-13
+8.524393E-13
+2.300884E-13
+1.397885E-13
+4.207668E-13
+3.150652E-13
+3.015742E-13
+1.512300E-13
+1.283830E-13
+1.556960E-13
+4.760733E-13
+1.215629E-13
+6.493165E-14
+4.225401E-14
+1.118000E-13
+1.110365E-13
+9.038664E-14
+1.413249E-13
+2.778148E-14