1.000000e+001 4.361678e-008
1.029201e+001 6.536550e-008
1.059254e+001 6.858616e-008
1.090184e+001 6.154266e-008
1.122018e+001 4.413000e-008
1.154782e+001 6.305822e-008
1.188502e+001 4.385422e-008
1.223207e+001 5.195570e-008
1.258925e+001 4.731297e-008
1.295687e+001 5.046697e-008
1.333521e+001 4.745913e-008
1.372461e+001 5.731479e-008
1.412538e+001 7.046689e-008
1.453784e+001 4.345700e-008
1.496236e+001 5.166267e-008
1.539927e+001 5.921758e-008
1.584893e+001 7.670587e-008
1.631173e+001 6.619399e-008
1.678804e+001 5.621549e-008
1.727826e+001 6.426144e-008
1.778279e+001 5.876928e-008
1.830206e+001 6.330374e-008
1.883649e+001 5.960337e-008
1.938653e+001 5.172733e-008
1.995262e+001 5.516499e-008
2.053525e+001 6.049028e-008
2.113489e+001 4.870475e-008
2.175204e+001 5.044503e-008
2.238721e+001 5.385350e-008
2.304093e+001 5.978111e-008
2.371374e+001 5.616808e-008
2.440619e+001 5.261651e-008
2.511886e+001 5.823048e-008
2.585235e+001 4.821788e-008
2.660725e+001 4.968648e-008
2.738420e+001 5.107898e-008
2.818383e+001 4.745702e-008
2.900681e+001 5.081642e-008
2.985383e+001 5.412735e-008
3.072557e+001 5.313041e-008
3.162278e+001 7.077162e-008
3.254618e+001 4.621732e-008
3.349654e+001 4.480608e-008
3.447466e+001 4.885466e-008
3.548134e+001 5.363384e-008
3.651741e+001 4.750450e-008
3.758374e+001 5.275421e-008
3.868121e+001 4.909429e-008
3.981072e+001 4.886187e-008
4.097321e+001 5.286577e-008
4.216965e+001 5.195443e-008
4.340103e+001 4.716196e-008
4.466836e+001 5.480653e-008
4.597270e+001 5.089088e-008
4.731513e+001 5.861807e-008
4.869675e+001 4.918393e-008
5.011872e+001 5.111257e-008
5.158222e+001 5.553542e-008
5.308844e+001 4.860763e-008
5.463865e+001 5.400408e-008
5.623413e+001 5.135567e-008
5.787620e+001 4.944404e-008
5.956621e+001 4.810266e-008
6.130558e+001 4.681195e-008
6.309573e+001 5.561306e-008
6.493816e+001 4.885985e-008
6.683439e+001 4.873028e-008
6.878599e+001 4.446473e-008
7.079458e+001 4.720644e-008
7.286182e+001 4.514468e-008
7.498942e+001 5.213220e-008
7.717915e+001 5.064598e-008
7.943282e+001 4.185847e-008
8.175230e+001 4.546808e-008
8.413951e+001 4.699383e-008
8.659643e+001 4.216543e-008
8.912509e+001 4.357274e-008
9.172759e+001 4.858705e-008
9.440609e+001 4.944815e-008
9.716280e+001 4.124004e-008
1.000000e+002 3.125212e-008
1.029201e+002 2.164713e-008
1.059254e+002 2.789648e-008
1.090184e+002 3.251679e-008
1.122018e+002 3.201201e-008
1.154782e+002 2.704479e-008
1.188502e+002 3.507763e-008
1.223207e+002 2.787662e-008
1.258925e+002 3.644242e-008
1.295687e+002 3.889212e-008
1.333521e+002 2.390330e-008
1.372461e+002 3.278479e-008
1.412538e+002 2.477073e-008
1.453784e+002 2.955704e-008
1.496236e+002 4.095536e-008
1.539927e+002 3.589887e-008
1.584893e+002 3.560915e-008
1.631173e+002 2.983986e-008
1.678804e+002 3.516065e-008
1.727826e+002 2.806330e-008
1.778279e+002 3.042046e-008
1.830206e+002 2.935587e-008
1.883649e+002 4.164605e-008
1.938653e+002 2.883844e-008
1.995262e+002 3.277699e-008
2.053525e+002 2.592088e-008
2.113489e+002 3.254235e-008
2.175204e+002 3.569498e-008
2.238721e+002 3.565951e-008
2.304093e+002 2.669298e-008
2.371374e+002 2.912567e-008
2.440619e+002 3.348651e-008
2.511886e+002 3.153137e-008
2.585235e+002 2.730272e-008
2.660725e+002 3.572490e-008
2.738420e+002 3.083010e-008
2.818383e+002 2.776319e-008
2.900681e+002 3.768395e-008
2.985383e+002 3.395741e-008
3.072557e+002 3.033573e-008
3.162278e+002 2.843792e-008
3.254618e+002 3.168477e-008
3.349654e+002 2.964929e-008
3.447466e+002 2.995993e-008
3.548134e+002 2.999396e-008
3.651741e+002 3.616190e-008
3.758374e+002 3.164065e-008
3.868121e+002 3.004806e-008
3.981072e+002 3.436149e-008
4.097321e+002 3.598151e-008
4.216965e+002 3.783914e-008
4.340103e+002 3.252106e-008
4.466836e+002 3.155374e-008
4.597270e+002 3.534699e-008
4.731513e+002 2.828079e-008
4.869675e+002 3.379981e-008
5.011872e+002 3.021250e-008
5.158222e+002 3.028614e-008
5.308844e+002 3.000017e-008
5.463865e+002 2.678091e-008
5.623413e+002 2.639628e-008
5.787620e+002 3.158160e-008
5.956621e+002 2.729489e-008
6.130558e+002 3.371210e-008
6.309573e+002 3.544861e-008
6.493816e+002 3.275807e-008
6.683439e+002 3.096888e-008
6.878599e+002 3.235490e-008
7.079458e+002 3.265830e-008
7.286182e+002 2.886026e-008
7.498942e+002 3.025046e-008
7.717915e+002 2.820594e-008
7.943282e+002 3.212414e-008
8.175230e+002 2.882276e-008
8.413951e+002 3.243307e-008
8.659643e+002 2.943647e-008
8.912509e+002 2.843581e-008
9.172759e+002 3.222873e-008
9.440609e+002 2.887357e-008
9.716280e+002 2.795659e-008
1.000000e+003 2.704935e-008
1.029201e+003 2.441082e-008
1.059254e+003 2.217251e-008
1.090184e+003 2.602909e-008
1.122018e+003 3.051176e-008
1.154782e+003 2.760241e-008
1.188502e+003 3.128773e-008
1.223207e+003 3.136788e-008
1.258925e+003 1.885093e-008
1.295687e+003 3.160466e-008
1.333521e+003 3.225209e-008
1.372461e+003 3.534065e-008
1.412538e+003 4.327204e-008
1.453784e+003 3.202619e-008
1.496236e+003 2.316925e-008
1.539927e+003 3.097445e-008
1.584893e+003 3.307454e-008
1.631173e+003 3.021449e-008
1.678804e+003 3.238020e-008
1.727826e+003 3.987046e-008
1.778279e+003 2.963090e-008
1.830206e+003 3.343675e-008
1.883649e+003 2.751936e-008
1.938653e+003 3.367435e-008
1.995262e+003 2.160348e-008
2.053525e+003 2.695425e-008
2.113489e+003 2.335000e-008
2.175204e+003 3.193113e-008
2.238721e+003 2.566909e-008
2.304093e+003 1.976398e-008
2.371374e+003 2.821619e-008
2.440619e+003 3.028225e-008
2.511886e+003 2.607775e-008
2.585235e+003 2.437116e-008
2.660725e+003 2.580084e-008
2.738420e+003 2.891631e-008
2.818383e+003 2.979204e-008
2.900681e+003 3.029455e-008
2.985383e+003 2.734184e-008
3.072557e+003 2.708875e-008
3.162278e+003 2.751563e-008
3.254618e+003 2.487776e-008
3.349654e+003 2.676920e-008
3.447466e+003 3.256609e-008
3.548134e+003 3.480575e-008
3.651741e+003 3.305608e-008
3.758374e+003 3.094443e-008
3.868121e+003 2.402857e-008
3.981072e+003 2.895307e-008
4.097321e+003 2.796466e-008
4.216965e+003 3.401193e-008
4.340103e+003 3.049672e-008
4.466836e+003 3.000833e-008
4.597270e+003 2.883609e-008
4.731513e+003 2.746644e-008
4.869675e+003 2.994916e-008
5.011872e+003 2.668163e-008
5.158222e+003 2.843656e-008
5.308844e+003 2.650486e-008
5.463865e+003 3.013734e-008
5.623413e+003 2.734792e-008
5.787620e+003 2.594135e-008
5.956621e+003 2.690100e-008
6.130558e+003 2.854874e-008
6.309573e+003 3.018815e-008
6.493816e+003 2.734391e-008
6.683439e+003 2.436489e-008
6.878599e+003 2.477240e-008
7.079458e+003 2.994776e-008
7.286182e+003 2.887568e-008
7.498942e+003 2.963324e-008
7.717915e+003 2.787355e-008
7.943282e+003 2.767841e-008
8.175230e+003 2.835491e-008
8.413951e+003 2.451191e-008
8.659643e+003 2.512933e-008
8.912509e+003 2.776198e-008
9.172759e+003 2.839553e-008
9.440609e+003 2.790306e-008
9.716280e+003 2.613892e-008
1.000000e+004 2.556587e-008
