  1.0000000e+000  2.6277240e-015
  1.0292005e+000  2.1559930e-015
  1.0592537e+000  3.3884270e-015
  1.0901845e+000  1.4471510e-015
  1.1220185e+000  1.2113550e-015
  1.1547820e+000  6.1908830e-016
  1.1885022e+000  6.6339190e-015
  1.2232071e+000  3.0451710e-015
  1.2589254e+000  2.2292270e-015
  1.2956867e+000  1.7922180e-015
  1.3335214e+000  1.3745270e-015
  1.3724610e+000  5.3727420e-015
  1.4125375e+000  3.8302930e-015
  1.4537844e+000  7.9373850e-015
  1.4962357e+000  5.7845180e-015
  1.5399265e+000  6.2776460e-015
  1.5848932e+000  2.7573290e-015
  1.6311729e+000  5.0186190e-015
  1.6788040e+000  3.1848720e-015
  1.7278260e+000  1.0136210e-014
  1.7782794e+000  1.0469050e-014
  1.8302061e+000  5.2670970e-015
  1.8836491e+000  5.0561560e-015
  1.9386526e+000  3.6916100e-015
  1.9952623e+000  3.8118160e-015
  2.0535250e+000  2.4846430e-015
  2.1134890e+000  7.7022550e-015
  2.1752040e+000  2.9855720e-015
  2.2387211e+000  1.1074900e-014
  2.3040930e+000  3.4347730e-015
  2.3713737e+000  5.4533810e-015
  2.4406191e+000  9.6680270e-015
  2.5118864e+000  5.3247820e-015
  2.5852348e+000  5.5533980e-015
  2.6607251e+000  2.7779850e-015
  2.7384196e+000  5.9899190e-015
  2.8183829e+000  2.2525050e-015
  2.9006812e+000  4.5731380e-015
  2.9853826e+000  7.0998050e-015
  3.0725574e+000  4.1193130e-015
  3.1622777e+000  7.2676000e-015
  3.2546178e+000  3.5528750e-015
  3.3496544e+000  3.2570240e-015
  3.4474661e+000  8.1324360e-015
  3.5481339e+000  4.0598250e-015
  3.6517413e+000  4.7662690e-015
  3.7583740e+000  1.2613100e-014
  3.8681205e+000  8.2642550e-015
  3.9810717e+000  7.6414480e-015
  4.0973211e+000  6.5485890e-015
  4.2169650e+000  9.3344890e-015
  4.3401026e+000  4.7370030e-015
  4.4668359e+000  7.5372290e-015
  4.5972699e+000  8.7708800e-015
  4.7315126e+000  1.0813270e-014
  4.8696753e+000  9.3469020e-015
  5.0118723e+000  3.0417680e-015
  5.1582217e+000  1.0478750e-014
  5.3088444e+000  5.5833440e-015
  5.4638655e+000  1.0777360e-014
  5.6234133e+000  6.0364160e-015
  5.7876199e+000  5.8454380e-015
  5.9566214e+000  1.3361090e-014
  6.1305579e+000  1.0932900e-014
  6.3095734e+000  9.0829600e-015
  6.4938163e+000  1.4083120e-014
  6.6834392e+000  1.7174220e-014
  6.8785991e+000  1.6118420e-014
  7.0794578e+000  9.9212040e-015
  7.2861817e+000  1.3473770e-014
  7.4989421e+000  1.4850350e-014
  7.7179152e+000  1.5210150e-014
  7.9432823e+000  8.5401180e-015
  8.1752304e+000  1.1317240e-014
  8.4139514e+000  1.1130920e-014
  8.6596432e+000  1.3040780e-014
  8.9125094e+000  1.6937450e-014
  9.1727594e+000  9.5734050e-015
  9.4406088e+000  1.4700520e-014
  9.7162795e+000  1.7228570e-014
  1.0000000e+001  5.5602410e-015
  1.0292005e+001  3.9017670e-015
  1.0592537e+001  4.0156930e-015
  1.0901845e+001  8.2658910e-015
  1.1220185e+001  1.7014490e-015
  1.1547820e+001  1.7511290e-015
  1.1885022e+001  6.6082860e-015
  1.2232071e+001  2.3495190e-014
  1.2589254e+001  2.3544870e-014
  1.2956867e+001  2.5542200e-014
  1.3335214e+001  9.4367210e-015
  1.3724610e+001  1.5262110e-014
  1.4125375e+001  7.1398760e-015
  1.4537844e+001  1.0287680e-014
  1.4962357e+001  4.4242990e-014
  1.5399265e+001  7.0053500e-015
  1.5848932e+001  6.0082480e-015
  1.6311729e+001  2.0406130e-014
  1.6788040e+001  1.0182760e-014
  1.7278260e+001  1.3100100e-014
  1.7782794e+001  1.6853230e-014
  1.8302061e+001  5.8974020e-014
  1.8836491e+001  1.8565800e-014
  1.9386526e+001  1.8225980e-014
  1.9952623e+001  1.3614770e-014
  2.0535250e+001  8.7187470e-015
  2.1134890e+001  6.7940730e-014
  2.1752040e+001  2.2428590e-014
  2.2387211e+001  1.6973120e-014
  2.3040930e+001  4.8213540e-014
  2.3713737e+001  2.4570890e-014
  2.4406191e+001  4.6259040e-014
  2.5118864e+001  7.6937180e-014
  2.5852348e+001  3.0053160e-014
  2.6607251e+001  2.2861740e-014
  2.7384196e+001  1.0677120e-014
  2.8183829e+001  9.9713620e-015
  2.9006812e+001  1.5079550e-014
  2.9853826e+001  2.3279730e-014
  3.0725574e+001  4.6587680e-014
  3.1622777e+001  7.3976710e-014
  3.2546178e+001  2.2823310e-014
  3.3496544e+001  3.9179650e-014
  3.4474661e+001  2.7442390e-014
  3.5481339e+001  1.1431920e-014
  3.6517413e+001  3.8757500e-014
  3.7583740e+001  3.4902870e-014
  3.8681205e+001  2.0852590e-014
  3.9810717e+001  3.9837630e-014
  4.0973211e+001  5.7290430e-014
  4.2169650e+001  8.8231330e-014
  4.3401026e+001  4.5403530e-014
  4.4668359e+001  6.3659810e-014
  4.5972699e+001  3.6751060e-014
  4.7315126e+001  1.6499050e-014
  4.8696753e+001  4.1836540e-014
  5.0118723e+001  4.5652650e-008
  5.1582217e+001  4.3663150e-014
  5.3088444e+001  9.0546250e-014
  5.4638655e+001  6.3719250e-014
  5.6234133e+001  9.2466940e-014
  5.7876199e+001  5.2645080e-014
  5.9566214e+001  3.9346290e-014
  6.1305579e+001  1.2745930e-013
  6.3095734e+001  7.4608580e-014
  6.4938163e+001  4.4299860e-014
  6.6834392e+001  6.9022760e-014
  6.8785991e+001  7.8206440e-014
  7.0794578e+001  8.7867440e-014
  7.2861817e+001  8.9010910e-014
  7.4989421e+001  9.4283820e-014
  7.7179152e+001  8.9695010e-014
  7.9432823e+001  1.0769850e-013
  8.1752304e+001  1.0696490e-013
  8.4139514e+001  6.9139990e-014
  8.6596432e+001  7.2194270e-014
  8.9125094e+001  1.2673050e-013
  9.1727594e+001  1.3638790e-013
  9.4406088e+001  1.3659000e-013
  9.7162795e+001  1.3388240e-013
  1.0000000e+002  3.5618670e-014
  1.0292005e+002  1.6769170e-014
  1.0592537e+002  3.4316470e-014
  1.0901845e+002  8.7296660e-014
  1.1220185e+002  1.9201730e-013
  1.1547820e+002  5.7754950e-014
  1.1885022e+002  8.9010530e-014
  1.2232071e+002  3.6488750e-013
  1.2589254e+002  1.3323420e-013
  1.2956867e+002  3.1089750e-014
  1.3335214e+002  6.8035730e-014
  1.3724610e+002  4.1943300e-014
  1.4125375e+002  8.9188430e-014
  1.4537844e+002  2.2213390e-013
  1.4962357e+002  8.7495820e-011
  1.5399265e+002  5.0207390e-013
  1.5848932e+002  1.8611660e-013
  1.6311729e+002  1.1832670e-013
  1.6788040e+002  1.3402060e-013
  1.7278260e+002  1.3351330e-013
  1.7782794e+002  1.1669630e-013
  1.8302061e+002  5.8230750e-013
  1.8836491e+002  9.8990890e-014
  1.9386526e+002  9.8391170e-014
  1.9952623e+002  2.2972800e-013
  2.0535250e+002  2.6676120e-013
  2.1134890e+002  2.8927090e-013
  2.1752040e+002  1.0412420e-013
  2.2387211e+002  2.0431950e-013
  2.3040930e+002  1.3210100e-013
  2.3713737e+002  1.3140460e-013
  2.4406191e+002  1.7682570e-013
  2.5118864e+002  4.5183980e-011
  2.5852348e+002  1.9822280e-013
  2.6607251e+002  2.5034630e-013
  2.7384196e+002  1.4204350e-013
  2.8183829e+002  2.8276950e-013
  2.9006812e+002  3.7024220e-013
  2.9853826e+002  7.0605590e-013
  3.0725574e+002  2.7151670e-013
  3.1622777e+002  2.7977760e-013
  3.2546178e+002  3.6390350e-013
  3.3496544e+002  5.0445740e-013
  3.4474661e+002  1.8227520e-011
  3.5481339e+002  1.1874510e-010
  3.6517413e+002  4.7622160e-013
  3.7583740e+002  1.2232980e-013
  3.8681205e+002  3.6288950e-013
  3.9810717e+002  4.3420480e-013
  4.0973211e+002  2.7513530e-013
  4.2169650e+002  3.0670470e-013
  4.3401026e+002  5.0106290e-013
  4.4668359e+002  1.6443770e-011
  4.5972699e+002  1.7426300e-013
  4.7315126e+002  3.5481580e-013
  4.8696753e+002  5.1602390e-013
  5.0118723e+002  8.2257180e-013
  5.1582217e+002  6.0932840e-013
  5.3088444e+002  3.3053560e-013
  5.4638655e+002  5.6476430e-011
  5.6234133e+002  8.5773500e-013
  5.7876199e+002  5.2826800e-013
  5.9566214e+002  5.8128130e-013
  6.1305579e+002  3.2942630e-013
  6.3095734e+002  5.5856790e-013
  6.4938163e+002  3.9902890e-011
  6.6834392e+002  6.3110920e-013
  6.8785991e+002  5.0351860e-013
  7.0794578e+002  4.7302860e-013
  7.2861817e+002  7.0000860e-013
  7.4989421e+002  1.9188410e-011
  7.7179152e+002  6.1335400e-013
  7.9432823e+002  6.5544610e-013
  8.1752304e+002  6.6038190e-013
  8.4139514e+002  5.0118280e-011
  8.6596432e+002  9.0812450e-013
  8.9125094e+002  7.6961410e-013
  9.1727594e+002  7.0818370e-013
  9.4406088e+002  1.5774210e-011
  9.7162795e+002  6.5025720e-013
  1.0000000e+003  1.0624820e-013
  1.0292005e+003  3.1924220e-012
  1.0592537e+003  1.0891880e-011
  1.0901845e+003  3.0670020e-013
  1.1220185e+003  1.7462060e-012
  1.1547820e+003  3.5188460e-012
  1.1885022e+003  1.0563880e-012
  1.2232071e+003  7.0440760e-013
  1.2589254e+003  2.7234480e-012
  1.2956867e+003  6.5917960e-013
  1.3335214e+003  1.6206370e-012
  1.3724610e+003  1.5026640e-012
  1.4125375e+003  6.4277200e-013
  1.4537844e+003  4.3179800e-012
  1.4962357e+003  8.4955410e-013
  1.5399265e+003  1.1235030e-011
  1.5848932e+003  5.2683800e-012
  1.6311729e+003  2.4634050e-012
  1.6788040e+003  6.4219350e-013
  1.7278260e+003  2.6290140e-012
  1.7782794e+003  1.3712590e-012
  1.8302061e+003  1.2701740e-012
  1.8836491e+003  9.7503080e-013
  1.9386526e+003  1.1171750e-012
  1.9952623e+003  1.8085090e-012
  2.0535250e+003  8.2392010e-013
  2.1134890e+003  7.9128100e-013
  2.1752040e+003  4.1689260e-012
  2.2387211e+003  7.2940060e-013
  2.3040930e+003  9.4844940e-013
  2.3713737e+003  2.7539000e-012
  2.4406191e+003  1.9658860e-012
  2.5118864e+003  3.2786420e-013
  2.5852348e+003  2.3522150e-012
  2.6607251e+003  3.8871610e-012
  2.7384196e+003  1.0678000e-012
  2.8183829e+003  1.1306060e-012
  2.9006812e+003  1.3041130e-012
  2.9853826e+003  2.0402770e-012
  3.0725574e+003  6.8226280e-012
  3.1622777e+003  6.7545730e-013
  3.2546178e+003  1.3384910e-012
  3.3496544e+003  2.7190460e-012
  3.4474661e+003  1.6955910e-012
  3.5481339e+003  8.2799010e-013
  3.6517413e+003  1.3775360e-012
  3.7583740e+003  5.4506680e-012
  3.8681205e+003  3.5519560e-012
  3.9810717e+003  4.6032550e-012
  4.0973211e+003  1.2433260e-012
  4.2169650e+003  2.9083440e-012
  4.3401026e+003  3.3901930e-012
  4.4668359e+003  1.6878520e-012
  4.5972699e+003  2.7447040e-012
  4.7315126e+003  2.3535030e-012
  4.8696753e+003  5.6224590e-012
  5.0118723e+003  4.9719430e-012
  5.1582217e+003  2.6712910e-012
  5.3088444e+003  2.5027930e-012
  5.4638655e+003  2.1316520e-012
  5.6234133e+003  2.4292960e-012
  5.7876199e+003  3.5794670e-012
  5.9566214e+003  8.6669490e-012
  6.1305579e+003  3.1525040e-012
  6.3095734e+003  1.1544330e-012
  6.4938163e+003  1.5372690e-012
  6.6834392e+003  1.4078460e-012
  6.8785991e+003  1.3332220e-012
  7.0794578e+003  1.0643770e-012
  7.2861817e+003  1.1111990e-012
  7.4989421e+003  1.0398050e-012
  7.7179152e+003  5.1873450e-013
  7.9432823e+003  2.2970230e-012
  8.1752304e+003  8.9344680e-013
  8.4139514e+003  5.8661580e-013
  8.6596432e+003  1.0233060e-012
  8.9125094e+003  7.2779000e-013
  9.1727594e+003  5.5184120e-013
  9.4406088e+003  8.0602720e-013
  9.7162795e+003  7.0219960e-013
  1.0000000e+004  4.7974870e-013
  1.0292005e+004  3.4244900e-013
  1.0592537e+004  1.0666380e-013
  1.0901845e+004  7.8905360e-013
  1.1220185e+004  5.6280900e-013
  1.1547820e+004  7.7103070e-013
  1.1885022e+004  6.1363510e-013
  1.2232071e+004  2.3420220e-012
  1.2589254e+004  1.7900120e-012
  1.2956867e+004  4.7275320e-013
  1.3335214e+004  5.2456650e-013
  1.3724610e+004  5.7209440e-014
  1.4125375e+004  5.1962190e-013
  1.4537844e+004  1.1559290e-013
  1.4962357e+004  9.8738850e-013
  1.5399265e+004  2.6506100e-012
  1.5848932e+004  3.3187410e-010
  1.6311729e+004  1.0272410e-010
  1.6788040e+004  2.0716210e-012
  1.7278260e+004  1.1559360e-012
  1.7782794e+004  6.9897830e-013
  1.8302061e+004  4.5386030e-013
  1.8836491e+004  3.1186270e-012
  1.9386526e+004  7.0672780e-012
  1.9952623e+004  2.7812080e-012
  2.0535250e+004  4.2153640e-013
  2.1134890e+004  4.0193950e-013
  2.1752040e+004  2.2919670e-013
  2.2387211e+004  8.7220200e-012
  2.3040930e+004  3.2869400e-013
  2.3713737e+004  2.9194680e-013
  2.4406191e+004  4.9080800e-013
  2.5118864e+004  8.0945300e-013
  2.5852348e+004  1.1291400e-012
  2.6607251e+004  6.7210730e-013
  2.7384196e+004  7.1628880e-013
  2.8183829e+004  5.2412860e-013
  2.9006812e+004  2.7490860e-012
  2.9853826e+004  2.4948570e-011
  3.0725574e+004  2.7413510e-012
  3.1622777e+004  1.3461080e-011
  3.2546178e+004  4.8928810e-012
  3.3496544e+004  1.3607780e-012
  3.4474661e+004  2.0324300e-012
  3.5481339e+004  6.2933920e-013
  3.6517413e+004  2.6274370e-012
  3.7583740e+004  1.6737520e-012
  3.8681205e+004  1.3886800e-012
  3.9810717e+004  3.2800440e-012
  4.0973211e+004  2.4897270e-012
  4.2169650e+004  3.4740460e-012
  4.3401026e+004  1.9726300e-012
  4.4668359e+004  1.8234010e-012
  4.5972699e+004  2.3676100e-012
  4.7315126e+004  5.7741550e-012
  4.8696753e+004  1.4897270e-011
  5.0118723e+004  3.1469790e-012
  5.1582217e+004  1.3925840e-012
  5.3088444e+004  2.5806110e-012
  5.4638655e+004  1.5479380e-012
  5.6234133e+004  4.1120090e-012
  5.7876199e+004  1.1154170e-012
  5.9566214e+004  1.4933660e-012
  6.1305579e+004  2.3104900e-012
  6.3095734e+004  7.8134790e-012
  6.4938163e+004  5.0313430e-012
  6.6834392e+004  2.5270130e-012
  6.8785991e+004  1.2088780e-012
  7.0794578e+004  1.3817180e-012
  7.2861817e+004  9.2925770e-013
  7.4989421e+004  3.1021520e-012
  7.7179152e+004  2.1773780e-012
  7.9432823e+004  3.6014250e-011
  8.1752304e+004  2.1694850e-012
  8.4139514e+004  1.7639320e-012
  8.6596432e+004  9.8423740e-013
  8.9125094e+004  2.5701170e-012
  9.1727594e+004  2.9980740e-012
  9.4406088e+004  3.5212640e-012
  9.7162795e+004  6.2672940e-012
  1.0000000e+005  2.9700260e-012
