   0.0000000e+00  -1.7002300e+00  -1.0375480e-04
   1.2500000e+02   9.7933370e-01  -3.6126080e-02
   2.5000000e+02   9.8550140e-01   1.0336440e-02
   3.7500000e+02   9.9437520e-01   1.7828410e-02
   5.0000000e+02   1.0197110e+00   2.4408080e-03
   6.2500000e+02   1.0026580e+00  -1.4489400e-02
   7.5000000e+02   9.7068260e-01   8.8205430e-03
   8.7500000e+02   9.6408170e-01   9.7407480e-03
   1.0000000e+03   9.9700180e-01  -3.3616560e-03
   1.1250000e+03   9.4799910e-01   4.9943830e-02
   1.2500000e+03   9.8392640e-01  -1.2181410e-02
   1.3750000e+03   1.0214240e+00   1.3691730e-02
   1.5000000e+03   1.0456960e+00   3.3571010e-02
   1.6250000e+03   9.8322590e-01  -4.7598760e-02
   1.7500000e+03   1.0278220e+00  -1.5680750e-02
   1.8750000e+03   1.0157990e+00  -1.3535600e-02
   2.0000000e+03   1.0342900e+00   6.1850220e-03
   2.1250000e+03   1.0285770e+00  -7.1643570e-03
   2.2500000e+03   9.9347140e-01  -7.0850610e-03
   2.3750000e+03   1.0195680e+00   3.1525050e-02
   2.5000000e+03   1.0367560e+00  -1.4756520e-02
   2.6250000e+03   9.7863410e-01   4.6585670e-02
   2.7500000e+03   9.7504520e-01  -5.3647230e-04
   2.8750000e+03   1.0313970e+00  -4.6964030e-03
   3.0000000e+03   1.0289150e+00  -1.4766160e-02
   3.1250000e+03   9.8706320e-01   2.1804430e-02
   3.2500000e+03   9.9140000e-01   9.5030930e-03
   3.3750000e+03   9.8002350e-01  -3.0062460e-02
   3.5000000e+03   1.0150340e+00  -1.9653020e-02
   3.6250000e+03   9.7474030e-01  -1.7450620e-03
   3.7500000e+03   9.9621830e-01  -2.9434120e-02
   3.8750000e+03   9.7353890e-01  -5.0329920e-02
   4.0000000e+03   1.0119980e+00  -1.7719180e-02
   4.1250000e+03   9.3110930e-01   1.6888600e-02
   4.2500000e+03   9.7911790e-01  -5.2634280e-02
   4.3750000e+03   1.0411980e+00  -3.9157220e-04
   4.5000000e+03   1.0152150e+00  -3.4271470e-02
   4.6250000e+03   1.0129060e+00   2.4369740e-02
   4.7500000e+03   1.0152060e+00  -3.9925560e-02
   4.8750000e+03   9.9431950e-01   3.1401170e-02
   5.0000000e+03   1.0095140e+00   4.3015820e-03
   5.1250000e+03   1.0223880e+00  -1.8577140e-03
   5.2500000e+03   1.0606380e+00   8.9424530e-03
   5.3750000e+03   1.0576600e+00  -1.4619940e-02
   5.5000000e+03   1.0213960e+00  -5.2941680e-02
   5.6250000e+03   9.9012390e-01   3.8756240e-02
   5.7500000e+03   1.0100980e+00  -4.2784340e-03
   5.8750000e+03   9.9579560e-01   7.0156730e-03
   6.0000000e+03   9.9095100e-01  -2.5217510e-02
   6.1250000e+03   9.7764830e-01   1.3442610e-02
   6.2500000e+03   9.7288930e-01   3.5871160e-02
   6.3750000e+03   1.0393850e+00   1.7801070e-03
   6.5000000e+03   1.0532800e+00  -1.1475720e-02
   6.6250000e+03   1.0312890e+00   3.4072880e-03
   6.7500000e+03   9.8696790e-01   2.5057100e-03
   6.8750000e+03   1.0475870e+00  -1.4943460e-03
   7.0000000e+03   9.9403390e-01  -1.8573060e-02
   7.1250000e+03   9.8836480e-01   1.4550400e-02
   7.2500000e+03   1.0089660e+00  -9.9244320e-03
   7.3750000e+03   1.0629030e+00  -1.1366620e-02
   7.5000000e+03   1.0204540e+00  -5.0475840e-02
   7.6250000e+03   9.9025640e-01   1.4389120e-02
   7.7500000e+03   1.0109840e+00  -1.5936030e-02
   7.8750000e+03   1.0241100e+00  -1.1649810e-02
   8.0000000e+03   9.7934630e-01  -2.1450430e-02
   8.1250000e+03   1.0124940e+00  -2.0284340e-02
   8.2500000e+03   9.9245520e-01  -1.6960010e-02
   8.3750000e+03   1.0227970e+00  -1.4598850e-02
   8.5000000e+03   1.0089660e+00   5.8049920e-03
   8.6250000e+03   1.0039080e+00   1.2231340e-02
   8.7500000e+03   1.0482260e+00  -9.2194580e-03
   8.8750000e+03   1.0378100e+00  -3.0441750e-02
   9.0000000e+03   1.0515260e+00   7.1028830e-03
   9.1250000e+03   1.0359270e+00   1.6186820e-02
   9.2500000e+03   1.0661220e+00  -6.1550310e-03
   9.3750000e+03   1.0248360e+00  -4.5376310e-02
   9.5000000e+03   1.0112240e+00   1.9971900e-02
   9.6250000e+03   1.0235480e+00  -6.0347410e-03
   9.7500000e+03   9.8513770e-01  -1.0660500e-02
   9.8750000e+03   1.0515080e+00  -9.0452920e-03
   1.0000000e+04   1.0016980e+00  -1.8096750e-02
   1.0125000e+04   9.9554950e-01  -2.3339870e-02
   1.0250000e+04   1.0407430e+00   8.8917430e-03
   1.0375000e+04   1.0544430e+00  -1.7564080e-02
   1.0500000e+04   1.0375400e+00  -9.6608790e-04
   1.0625000e+04   1.0320410e+00   2.1043100e-02
   1.0750000e+04   1.0419070e+00  -3.3706160e-02
   1.0875000e+04   1.0740730e+00  -1.0858330e-02
   1.1000000e+04   1.0158550e+00  -3.2593560e-02
   1.1125000e+04   1.0390640e+00  -4.8353020e-02
   1.1250000e+04   1.0675410e+00   4.6618840e-03
   1.1375000e+04   1.0448020e+00  -2.6653040e-02
   1.1500000e+04   1.0266140e+00   1.0090000e-02
   1.1625000e+04   1.0246970e+00  -1.1522840e-04
   1.1750000e+04   1.0361560e+00   4.8545420e-03
   1.1875000e+04   1.0449440e+00  -2.9565950e-02
   1.2000000e+04   1.0476290e+00   2.6882770e-04
   1.2125000e+04   1.0290700e+00  -7.1858960e-02
   1.2250000e+04   1.0659580e+00  -3.7598980e-02
   1.2375000e+04   1.0181620e+00  -9.9943710e-03
   1.2500000e+04   1.0179610e+00  -3.6092590e-02
   1.2625000e+04   1.0605000e+00  -1.0030190e-02
   1.2750000e+04   1.0137780e+00   3.2899300e-03
   1.2875000e+04   1.0725050e+00   3.9241210e-02
   1.3000000e+04   1.0485180e+00  -4.5558250e-02
   1.3125000e+04   1.0652100e+00  -3.4343920e-03
   1.3250000e+04   1.0631520e+00   6.2592180e-02
   1.3375000e+04   1.0036130e+00  -3.2413320e-02
   1.3500000e+04   1.0552890e+00   2.1344920e-02
   1.3625000e+04   1.0636710e+00   3.6363960e-04
   1.3750000e+04   1.0906190e+00  -5.9869360e-02
   1.3875000e+04   1.1099990e+00  -2.2461790e-02
   1.4000000e+04   1.0505330e+00  -1.0156300e-02
   1.4125000e+04   1.0399910e+00  -1.0882930e-02
   1.4250000e+04   1.0456270e+00   2.2024410e-02
   1.4375000e+04   1.0985450e+00   1.4538010e-02
   1.4500000e+04   1.0901780e+00   1.0700660e-02
   1.4625000e+04   1.0242980e+00  -9.8998250e-03
   1.4750000e+04   1.0840440e+00   1.9001030e-02
   1.4875000e+04   1.0669070e+00   8.6811130e-03
   1.5000000e+04   1.1134550e+00   4.1667320e-03
   1.5125000e+04   1.1116000e+00  -4.0493550e-02
   1.5250000e+04   1.0749330e+00  -8.0929790e-03
   1.5375000e+04   1.0392580e+00  -6.2198420e-02
   1.5500000e+04   1.0689000e+00   2.6955150e-02
   1.5625000e+04   1.0608200e+00  -3.0645850e-02
   1.5750000e+04   1.0824050e+00  -1.1235400e-02
   1.5875000e+04   1.0659890e+00  -1.9097210e-02
   1.6000000e+04   1.0741050e+00   1.6327600e-02
   1.6125000e+04   1.0896590e+00  -2.2108130e-02
   1.6250000e+04   1.0553490e+00   7.5916260e-03
   1.6375000e+04   1.0744040e+00  -3.8266120e-02
   1.6500000e+04   1.1064820e+00  -4.2811790e-02
   1.6625000e+04   1.0649590e+00  -2.4279840e-02
   1.6750000e+04   1.0167210e+00   1.4992890e-03
   1.6875000e+04   1.0286330e+00   2.7862990e-03
   1.7000000e+04   1.1449230e+00  -3.4437760e-02
   1.7125000e+04   1.1030230e+00  -2.1301650e-03
   1.7250000e+04   1.1427400e+00   1.8122350e-02
   1.7375000e+04   1.1335840e+00  -3.3952110e-04
   1.7500000e+04   1.0829110e+00  -2.7916330e-02
   1.7625000e+04   1.1005620e+00  -3.6710520e-02
   1.7750000e+04   1.1371430e+00  -9.4458720e-03
   1.7875000e+04   1.1105400e+00   1.3033990e-03
   1.8000000e+04   1.0782090e+00  -8.7574680e-03
   1.8125000e+04   1.0128850e+00   6.5577410e-03
   1.8250000e+04   1.1594430e+00   3.1059920e-02
   1.8375000e+04   1.1320250e+00  -1.7400850e-02
   1.8500000e+04   1.1462090e+00  -2.1912530e-02
   1.8625000e+04   1.0829150e+00  -7.6133210e-02
   1.8750000e+04   1.1251810e+00   1.0755650e-02
   1.8875000e+04   1.1407990e+00   1.2305080e-02
   1.9000000e+04   1.1906030e+00  -2.2020600e-02
   1.9125000e+04   1.1317170e+00   1.0886250e-02
   1.9250000e+04   1.1313870e+00  -6.4175090e-03
   1.9375000e+04   1.1464840e+00  -7.0938240e-03
   1.9500000e+04   1.1376090e+00  -5.3599500e-03
   1.9625000e+04   1.1030050e+00  -2.1255650e-02
   1.9750000e+04   1.1358460e+00   3.4852050e-04
   1.9875000e+04   1.1240510e+00   5.1366580e-03
   2.0000000e+04   1.1623350e+00   1.3080260e-03
   2.0125000e+04   1.1338800e+00  -1.6097990e-03
   2.0250000e+04   1.2056510e+00   1.5048500e-02
   2.0375000e+04   1.1867830e+00   1.8599430e-02
   2.0500000e+04   1.1493820e+00   2.4610040e-02
   2.0625000e+04   1.1303620e+00  -7.3034220e-04
   2.0750000e+04   1.1480010e+00  -1.0387620e-02
   2.0875000e+04   1.1138010e+00  -2.9080350e-02
   2.1000000e+04   1.1499550e+00   2.5631230e-02
   2.1125000e+04   1.1597180e+00  -3.2726330e-02
   2.1250000e+04   1.1535380e+00  -7.7658690e-03
   2.1375000e+04   1.1779830e+00   7.9344310e-04
   2.1500000e+04   1.1551790e+00  -2.5325440e-02
   2.1625000e+04   1.1808610e+00  -9.3501270e-03
   2.1750000e+04   1.1442030e+00  -5.7043370e-02
   2.1875000e+04   1.2079120e+00  -6.9341810e-02
   2.2000000e+04   1.1792190e+00  -1.2676440e-02
   2.2125000e+04   1.2063790e+00  -3.3591550e-02
   2.2250000e+04   1.1475700e+00  -4.3222470e-02
   2.2375000e+04   1.1915990e+00   2.6395150e-02
   2.2500000e+04   1.1876340e+00  -2.8731640e-02
   2.2625000e+04   1.1356790e+00  -2.5196950e-02
   2.2750000e+04   1.1798120e+00  -2.3587360e-02
   2.2875000e+04   1.2103550e+00  -5.0105770e-02
   2.3000000e+04   1.1837210e+00   2.4680820e-03
   2.3125000e+04   1.1970560e+00   2.5231990e-03
   2.3250000e+04   1.2419780e+00  -1.8344330e-02
   2.3375000e+04   1.1559660e+00  -1.7403000e-02
   2.3500000e+04   1.2022030e+00   1.2866210e-02
   2.3625000e+04   1.2342430e+00  -7.7519580e-03
   2.3750000e+04   1.2462070e+00   1.7010460e-03
   2.3875000e+04   1.2777860e+00  -1.2137610e-02
   2.4000000e+04   1.2325260e+00  -1.5868310e-02
   2.4125000e+04   1.1860730e+00   1.6478210e-02
   2.4250000e+04   1.2655410e+00  -7.7574370e-02
   2.4375000e+04   1.2515820e+00  -2.0310240e-03
   2.4500000e+04   1.2017980e+00  -6.0240910e-02
   2.4625000e+04   1.2542420e+00  -4.0975870e-02
   2.4750000e+04   1.2251630e+00  -3.6954580e-02
   2.4875000e+04   1.2126070e+00  -5.6013700e-02
   2.5000000e+04   1.2366060e+00   1.2808990e-02
   2.5125000e+04   1.2671590e+00  -1.0086270e-01
   2.5250000e+04   1.2685540e+00  -7.1733710e-02
   2.5375000e+04   1.2098700e+00   3.9953720e-02
   2.5500000e+04   1.2800370e+00   4.1347650e-03
   2.5625000e+04   1.2352630e+00  -6.1499800e-02
   2.5750000e+04   1.2078810e+00  -1.6817450e-02
   2.5875000e+04   1.2958890e+00  -1.8476360e-02
   2.6000000e+04   1.2857890e+00  -1.8305720e-02
   2.6125000e+04   1.2714880e+00  -1.4499050e-02
   2.6250000e+04   1.2635280e+00   4.9199690e-02
   2.6375000e+04   1.2528660e+00  -4.5357420e-02
   2.6500000e+04   1.3049570e+00   2.1573760e-03
   2.6625000e+04   1.3011630e+00  -4.1512520e-02
   2.6750000e+04   1.3064720e+00  -8.8820770e-02
   2.6875000e+04   1.3099010e+00  -8.1398590e-02
   2.7000000e+04   1.2848240e+00   1.2205530e-02
   2.7125000e+04   1.2918410e+00  -8.3171890e-02
   2.7250000e+04   1.3700720e+00  -2.9331670e-02
   2.7375000e+04   1.3402140e+00  -1.8212010e-02
   2.7500000e+04   1.2697680e+00  -4.5696500e-02
   2.7625000e+04   1.3041450e+00  -1.8891880e-02
   2.7750000e+04   1.3306620e+00  -3.7936080e-02
   2.7875000e+04   1.2897180e+00  -1.7387380e-02
   2.8000000e+04   1.3280690e+00  -2.7797760e-02
   2.8125000e+04   1.3523760e+00  -4.4381920e-02
   2.8250000e+04   1.3528150e+00   1.0648520e-02
   2.8375000e+04   1.3274400e+00   6.3856490e-03
   2.8500000e+04   1.3883650e+00  -3.4923180e-03
   2.8625000e+04   1.3750610e+00  -8.6615980e-03
   2.8750000e+04   1.3872140e+00  -5.9814410e-02
   2.8875000e+04   1.3996350e+00  -3.9814190e-03
   2.9000000e+04   1.3778870e+00  -5.0122760e-02
   2.9125000e+04   1.3386600e+00   1.5824540e-02
   2.9250000e+04   1.3533010e+00  -5.3661020e-02
   2.9375000e+04   1.3742730e+00  -1.1952400e-02
   2.9500000e+04   1.3835070e+00  -3.7978850e-02
   2.9625000e+04   1.3266470e+00  -5.4572860e-02
   2.9750000e+04   1.3424250e+00  -3.9843660e-02
   2.9875000e+04   1.3870500e+00  -4.7627960e-02
   3.0000000e+04   1.4114500e+00  -8.4266300e-02
   3.0125000e+04   1.3471040e+00   1.7315570e-02
   3.0250000e+04   1.3945830e+00  -5.2912390e-02
   3.0375000e+04   1.4127070e+00  -5.9138420e-02
   3.0500000e+04   1.4570020e+00  -3.2980170e-02
   3.0625000e+04   1.4978110e+00  -3.9071770e-02
   3.0750000e+04   1.4225280e+00  -2.8259760e-02
   3.0875000e+04   1.4568510e+00  -1.4115260e-02
   3.1000000e+04   1.4182080e+00  -6.8525370e-02
   3.1125000e+04   1.4233350e+00  -9.1476440e-03
   3.1250000e+04   1.4359920e+00   2.7443440e-02
   3.1375000e+04   1.4045580e+00  -5.2298890e-02
   3.1500000e+04   1.4305200e+00  -1.8346670e-02
   3.1625000e+04   1.4887820e+00   2.1888870e-02
   3.1750000e+04   1.4517260e+00  -4.2470730e-02
   3.1875000e+04   1.3794650e+00  -1.5868570e-02
   3.2000000e+04   1.4778730e+00  -3.0862480e-02
   3.2125000e+04   1.4792150e+00  -2.7264860e-02
   3.2250000e+04   1.4847450e+00  -5.3130280e-02
   3.2375000e+04   1.4496300e+00  -4.3492470e-02
   3.2500000e+04   1.4712500e+00   1.0488080e-02
   3.2625000e+04   1.5158850e+00   1.0265300e-03
   3.2750000e+04   1.5418020e+00  -5.4812300e-02
   3.2875000e+04   1.5193740e+00  -2.9953630e-02
   3.3000000e+04   1.4754260e+00  -2.5469560e-02
   3.3125000e+04   1.5367920e+00  -4.2053660e-02
   3.3250000e+04   1.5084700e+00  -7.1601900e-02
   3.3375000e+04   1.5590370e+00  -4.7029670e-02
   3.3500000e+04   1.5581110e+00  -7.2864040e-02
   3.3625000e+04   1.5671840e+00  -1.1817400e-01
   3.3750000e+04   1.5570760e+00  -1.0559590e-01
   3.3875000e+04   1.6641440e+00  -5.4055510e-02
   3.4000000e+04   1.5904990e+00  -2.1793540e-02
   3.4125000e+04   1.5531930e+00  -3.7724490e-02
   3.4250000e+04   1.5535220e+00  -4.4660820e-02
   3.4375000e+04   1.6138820e+00  -8.7337150e-02
   3.4500000e+04   1.5780770e+00   1.6243210e-02
   3.4625000e+04   1.6324200e+00   3.4053560e-02
   3.4750000e+04   1.6315710e+00  -8.9211750e-02
   3.4875000e+04   1.6359330e+00  -6.9141120e-02
   3.5000000e+04   1.6694680e+00  -6.4601960e-02
   3.5125000e+04   1.6869660e+00  -6.2393110e-02
   3.5250000e+04   1.7089620e+00  -1.7999470e-02
   3.5375000e+04   1.6510750e+00  -3.4523430e-02
   3.5500000e+04   1.6200870e+00  -7.1739240e-02
   3.5625000e+04   1.6605560e+00  -6.8446550e-02
   3.5750000e+04   1.6908670e+00  -9.4719740e-02
   3.5875000e+04   1.6898680e+00  -2.1151670e-02
   3.6000000e+04   1.7511270e+00  -4.3341460e-02
   3.6125000e+04   1.7442050e+00  -2.5897230e-02
   3.6250000e+04   1.7350760e+00  -5.0481740e-02
   3.6375000e+04   1.6649520e+00  -8.3293870e-02
   3.6500000e+04   1.7709300e+00  -8.3840440e-02
   3.6625000e+04   1.7834850e+00   2.2197490e-02
   3.6750000e+04   1.8451150e+00  -2.7221500e-03
   3.6875000e+04   1.7979780e+00  -2.0717670e-02
   3.7000000e+04   1.8333830e+00  -4.0400020e-02
   3.7125000e+04   1.7961090e+00  -5.4360060e-02
   3.7250000e+04   1.7820900e+00  -4.6932830e-02
   3.7375000e+04   1.8164410e+00  -2.3318660e-02
   3.7500000e+04   1.7816500e+00  -1.0025190e-01
   3.7625000e+04   1.8901420e+00  -3.7413300e-02
   3.7750000e+04   1.7810950e+00  -1.0403290e-01
   3.7875000e+04   1.7672190e+00  -4.4872810e-02
   3.8000000e+04   1.8608670e+00  -1.3968160e-01
   3.8125000e+04   1.8240170e+00  -1.2874580e-01
   3.8250000e+04   1.9131400e+00  -4.5411570e-02
   3.8375000e+04   1.8530690e+00  -1.0056510e-01
   3.8500000e+04   1.8934940e+00  -7.1480450e-02
   3.8625000e+04   1.9352410e+00  -1.3607730e-01
   3.8750000e+04   1.9243370e+00  -9.5150220e-02
   3.8875000e+04   1.9166620e+00  -8.0966410e-02
   3.9000000e+04   1.9841730e+00  -1.3347630e-01
   3.9125000e+04   1.9316310e+00  -2.5500540e-02
   3.9250000e+04   1.9574360e+00  -1.0444720e-01
   3.9375000e+04   1.9462740e+00  -8.1850950e-02
   3.9500000e+04   1.9883680e+00  -2.1023050e-01
   3.9625000e+04   2.0096100e+00  -5.7254820e-02
   3.9750000e+04   2.0601500e+00  -1.7055730e-01
   3.9875000e+04   2.0711040e+00   2.9704180e-02
   4.0000000e+04   2.0519600e+00  -4.5315310e-02
   4.0125000e+04   2.1230450e+00  -9.6369530e-02
   4.0250000e+04   2.0386200e+00  -7.4292380e-02
   4.0375000e+04   2.0632220e+00  -1.5156000e-01
   4.0500000e+04   2.0994250e+00   1.8402950e-02
   4.0625000e+04   2.1730840e+00  -1.0090550e-01
   4.0750000e+04   2.1661940e+00  -1.1068820e-01
   4.0875000e+04   2.1494870e+00  -1.2344210e-01
   4.1000000e+04   2.1494920e+00  -1.1632730e-01
   4.1125000e+04   2.2117110e+00  -9.3634800e-02
   4.1250000e+04   2.2411940e+00  -1.1526330e-01
   4.1375000e+04   2.2543730e+00  -1.4656420e-01
   4.1500000e+04   2.3631840e+00  -1.0278060e-01
   4.1625000e+04   2.2836640e+00  -7.1339100e-02
   4.1750000e+04   2.4618470e+00  -1.9045070e-01
   4.1875000e+04   2.3248960e+00  -1.1412830e-01
   4.2000000e+04   2.3334030e+00  -1.1085460e-01
   4.2125000e+04   2.3775400e+00  -4.6399440e-02
   4.2250000e+04   2.3811250e+00  -1.3468700e-01
   4.2375000e+04   2.3802850e+00  -2.4989120e-01
   4.2500000e+04   2.4195460e+00  -9.6100460e-02
   4.2625000e+04   2.4948390e+00  -9.8172610e-03
   4.2750000e+04   2.3889960e+00  -9.0000660e-02
   4.2875000e+04   2.4855370e+00  -9.3237680e-02
   4.3000000e+04   2.4979390e+00  -1.7753800e-01
   4.3125000e+04   2.6088820e+00  -8.8086100e-02
   4.3250000e+04   2.4514070e+00  -2.1070430e-01
   4.3375000e+04   2.6248590e+00  -1.0795000e-01
   4.3500000e+04   2.6003060e+00  -2.2406980e-01
   4.3625000e+04   2.6533900e+00  -1.7381410e-01
   4.3750000e+04   2.6537710e+00  -1.2955130e-01
   4.3875000e+04   2.6967430e+00  -4.2716200e-02
   4.4000000e+04   2.7815360e+00  -1.7172290e-01
   4.4125000e+04   2.7023510e+00  -2.0528860e-01
   4.4250000e+04   2.8906440e+00  -2.4887680e-01
   4.4375000e+04   2.8108060e+00  -2.1695000e-01
   4.4500000e+04   2.8151010e+00  -1.9151530e-01
   4.4625000e+04   2.8297290e+00  -2.2943790e-01
   4.4750000e+04   2.8794810e+00  -3.3834060e-01
   4.4875000e+04   2.9184130e+00  -1.3810660e-01
   4.5000000e+04   2.8898420e+00  -2.0987420e-01
   4.5125000e+04   2.9379970e+00  -1.5503620e-01
   4.5250000e+04   3.0385110e+00  -1.0844250e-01
   4.5375000e+04   2.9727460e+00  -2.0106770e-01
   4.5500000e+04   3.0904150e+00  -2.3596730e-01
   4.5625000e+04   3.1638330e+00  -3.2921370e-01
   4.5750000e+04   3.3186430e+00  -2.4122610e-01
   4.5875000e+04   3.1736150e+00  -2.9670820e-01
   4.6000000e+04   3.3061120e+00  -2.2746320e-01
   4.6125000e+04   3.4175210e+00  -1.9909790e-01
   4.6250000e+04   3.3443720e+00  -3.0764000e-01
   4.6375000e+04   3.5238650e+00  -3.2331370e-01
   4.6500000e+04   3.5303760e+00  -1.7656920e-01
   4.6625000e+04   3.5543070e+00  -3.6574910e-01
   4.6750000e+04   3.4420360e+00  -2.4016920e-01
   4.6875000e+04   3.6481390e+00  -3.4590840e-01
   4.7000000e+04   3.5674880e+00  -2.6613080e-01
   4.7125000e+04   3.7086010e+00  -4.3711990e-01
   4.7250000e+04   3.8683930e+00  -3.6586200e-01
   4.7375000e+04   3.9976360e+00  -3.1678370e-01
   4.7500000e+04   3.8634270e+00  -3.1883200e-01
   4.7625000e+04   3.9405760e+00  -3.2834950e-01
   4.7750000e+04   3.9318190e+00  -4.1911440e-01
   4.7875000e+04   4.1725210e+00  -4.5649250e-01
   4.8000000e+04   4.1219300e+00  -5.0296890e-01
   4.8125000e+04   4.2328060e+00  -4.3445860e-01
   4.8250000e+04   4.4493340e+00  -4.9880710e-01
   4.8375000e+04   4.5253300e+00  -5.4695380e-01
   4.8500000e+04   4.3633640e+00  -5.1710460e-01
   4.8625000e+04   4.6667210e+00  -5.8499030e-01
   4.8750000e+04   4.6403740e+00  -5.8527650e-01
   4.8875000e+04   4.7808920e+00  -5.2988170e-01
   4.9000000e+04   4.7089820e+00  -6.3479830e-01
   4.9125000e+04   4.8431830e+00  -4.6565560e-01
   4.9250000e+04   4.9800140e+00  -6.9451850e-01
   4.9375000e+04   5.2710890e+00  -7.4452880e-01
   4.9500000e+04   5.4681290e+00  -7.1968750e-01
   4.9625000e+04   5.3144080e+00  -8.0495880e-01
   4.9750000e+04   5.5505180e+00  -9.6536850e-01
   4.9875000e+04   5.7599040e+00  -1.0740110e+00
   5.0000000e+04   5.5061210e+00  -5.1171440e-01
   5.0125000e+04   5.9577800e+00  -9.2180300e-01
   5.0250000e+04   6.3693690e+00  -9.3712570e-01
   5.0375000e+04   6.3035930e+00  -1.0964090e+00
   5.0500000e+04   6.3924520e+00  -1.0926220e+00
   5.0625000e+04   6.5743540e+00  -1.1446890e+00
   5.0750000e+04   6.7886920e+00  -1.3594010e+00
   5.0875000e+04   6.8184140e+00  -1.4096250e+00
   5.1000000e+04   7.5561320e+00  -1.7948720e+00
   5.1125000e+04   7.6059220e+00  -1.6894630e+00
   5.1250000e+04   7.7918850e+00  -1.4785850e+00
   5.1375000e+04   8.0689240e+00  -2.0872210e+00
   5.1500000e+04   8.5726780e+00  -2.1609600e+00
   5.1625000e+04   8.8682120e+00  -2.1054090e+00
   5.1750000e+04   8.8801170e+00  -2.3377340e+00
   5.1875000e+04   9.3069930e+00  -2.1529740e+00
   5.2000000e+04   1.0179370e+01  -2.8329980e+00
   5.2125000e+04   1.0269480e+01  -2.8467350e+00
   5.2250000e+04   1.0806330e+01  -3.3360920e+00
   5.2375000e+04   1.1472500e+01  -3.9798120e+00
   5.2500000e+04   1.1433510e+01  -3.8486620e+00
   5.2625000e+04   1.2205160e+01  -4.6137800e+00
   5.2750000e+04   1.3382600e+01  -5.5650750e+00
   5.2875000e+04   1.3690190e+01  -6.4352350e+00
   5.3000000e+04   1.3907300e+01  -6.3620740e+00
   5.3125000e+04   1.4396700e+01  -8.3203450e+00
   5.3250000e+04   1.5766910e+01  -9.1417090e+00
   5.3375000e+04   1.6385960e+01  -1.0657330e+01
   5.3500000e+04   1.7492200e+01  -1.2385290e+01
   5.3625000e+04   1.7680290e+01  -1.4664440e+01
   5.3750000e+04   1.6614270e+01  -1.7086040e+01
   5.3875000e+04   1.6567910e+01  -2.0268770e+01
   5.4000000e+04   1.6209190e+01  -2.4866040e+01
   5.4125000e+04   1.3089950e+01  -2.6877580e+01
   5.4250000e+04   9.6641600e+00  -3.2233420e+01
   5.4375000e+04   4.3899880e+00  -3.2275220e+01
   5.4500000e+04  -1.3677020e+00  -3.3092160e+01
   5.4625000e+04  -6.1656200e+00  -3.2163190e+01
   5.4750000e+04  -1.1523380e+01  -2.9279260e+01
   5.4875000e+04  -1.5378870e+01  -2.4806250e+01
   5.5000000e+04  -1.6731920e+01  -2.2664600e+01
   5.5125000e+04  -1.5888010e+01  -1.8817910e+01
   5.5250000e+04  -1.6391980e+01  -1.6061000e+01
   5.5375000e+04  -1.6233460e+01  -1.3217620e+01
   5.5500000e+04  -1.5511380e+01  -1.0799380e+01
   5.5625000e+04  -1.4303600e+01  -1.0652150e+01
   5.5750000e+04  -1.5093380e+01  -8.3449210e+00
   5.5875000e+04  -1.2926880e+01  -7.0489640e+00
   5.6000000e+04  -1.2467420e+01  -5.8964410e+00
   5.6125000e+04  -1.2222940e+01  -5.2437720e+00
   5.6250000e+04  -1.1479720e+01  -4.8513290e+00
   5.6375000e+04  -1.1378170e+01  -3.9476800e+00
   5.6500000e+04  -1.0601280e+01  -4.1035360e+00
   5.6625000e+04  -9.9644040e+00  -3.5918840e+00
   5.6750000e+04  -9.9188830e+00  -3.2022660e+00
   5.6875000e+04  -9.2040040e+00  -2.2468200e+00
   5.7000000e+04  -8.9784150e+00  -2.5705170e+00
   5.7125000e+04  -8.3539890e+00  -1.9775670e+00
   5.7250000e+04  -7.9609410e+00  -2.1223230e+00
   5.7375000e+04  -8.2282810e+00  -1.9815510e+00
   5.7500000e+04  -7.4794810e+00  -1.6925440e+00
   5.7625000e+04  -6.9727450e+00  -1.6395830e+00
   5.7750000e+04  -6.6245140e+00  -1.8587030e+00
   5.7875000e+04  -6.5095010e+00  -1.7043760e+00
   5.8000000e+04  -6.5383520e+00  -1.5658040e+00
   5.8125000e+04  -6.2027470e+00  -1.3121540e+00
   5.8250000e+04  -6.1774730e+00  -1.3860100e+00
   5.8375000e+04  -5.7206660e+00  -1.0932450e+00
   5.8500000e+04  -5.6915460e+00  -1.2377000e+00
   5.8625000e+04  -5.6803790e+00  -8.1741170e-01
   5.8750000e+04  -5.4898730e+00  -1.1544060e+00
   5.8875000e+04  -5.2178370e+00  -6.8173620e-01
   5.9000000e+04  -5.2152200e+00  -1.0380720e+00
   5.9125000e+04  -4.7866100e+00  -9.3202860e-01
   5.9250000e+04  -4.6759310e+00  -7.1490870e-01
   5.9375000e+04  -4.6671910e+00  -7.4700750e-01
   5.9500000e+04  -4.8063460e+00  -7.6465050e-01
   5.9625000e+04  -4.5712400e+00  -6.6122700e-01
   5.9750000e+04  -4.3542070e+00  -8.1523900e-01
   5.9875000e+04  -4.2453270e+00  -4.2521490e-01
   6.0000000e+04  -4.0728310e+00  -8.1560020e-01
   6.0125000e+04  -4.0116750e+00  -5.2441100e-01
   6.0250000e+04  -4.1992640e+00  -5.4357110e-01
   6.0375000e+04  -3.5911900e+00  -4.9714090e-01
   6.0500000e+04  -3.8040450e+00  -3.3233440e-01
   6.0625000e+04  -3.7548550e+00  -5.5125200e-01
   6.0750000e+04  -3.6805960e+00  -6.2448920e-01
   6.0875000e+04  -3.4921190e+00  -4.4541600e-01
   6.1000000e+04  -3.5134570e+00  -5.7880870e-01
   6.1125000e+04  -3.5240410e+00  -2.7123120e-01
   6.1250000e+04  -3.4119840e+00  -3.8017950e-01
   6.1375000e+04  -3.4124440e+00  -5.8439840e-01
   6.1500000e+04  -3.2202670e+00  -3.5491960e-01
   6.1625000e+04  -3.0505120e+00  -3.6052600e-01
   6.1750000e+04  -3.1845830e+00  -3.7201790e-01
   6.1875000e+04  -3.0597760e+00  -3.4693130e-01
   6.2000000e+04  -3.0585530e+00  -1.9945700e-01
   6.2125000e+04  -2.8596320e+00  -2.7175190e-01
   6.2250000e+04  -2.8135860e+00  -2.8166310e-01
   6.2375000e+04  -2.8831890e+00  -3.2636050e-01
   6.2500000e+04  -2.7691220e+00  -3.0312460e-01
   6.2625000e+04  -2.6951600e+00  -3.7101320e-01
   6.2750000e+04  -2.6825330e+00  -3.3327340e-01
   6.2875000e+04  -2.6040570e+00  -2.4797580e-01
   6.3000000e+04  -2.7104910e+00  -2.6003190e-01
   6.3125000e+04  -2.6213780e+00  -2.5570830e-01
   6.3250000e+04  -2.4779940e+00  -1.8887680e-01
   6.3375000e+04  -2.5459250e+00  -1.1966250e-01
   6.3500000e+04  -2.5675240e+00  -2.4264040e-01
   6.3625000e+04  -2.4910170e+00  -3.0276700e-01
   6.3750000e+04  -2.4088360e+00  -1.9179610e-01
   6.3875000e+04  -2.3211790e+00  -2.4673490e-01
   6.4000000e+04  -2.3297020e+00  -3.0875550e-02
   6.4125000e+04  -2.3869850e+00  -2.1602070e-01
   6.4250000e+04  -2.2481950e+00  -1.1197290e-01
   6.4375000e+04  -2.2647950e+00  -2.2911010e-01
   6.4500000e+04  -2.2321110e+00  -1.3744190e-01
   6.4625000e+04  -2.1001990e+00  -1.4214540e-01
   6.4750000e+04  -2.1777910e+00  -1.8765430e-01
   6.4875000e+04  -2.0886170e+00  -1.0760460e-01
   6.5000000e+04  -2.1194940e+00  -4.0312930e-02
   6.5125000e+04  -2.0595670e+00  -1.1293750e-01
   6.5250000e+04  -2.0012030e+00  -1.7231670e-01
   6.5375000e+04  -1.9286580e+00  -2.1413660e-01
   6.5500000e+04  -2.0079460e+00  -1.8049230e-01
   6.5625000e+04  -1.9100430e+00  -1.7398250e-01
   6.5750000e+04  -2.0236130e+00  -1.5691260e-01
   6.5875000e+04  -1.9951090e+00  -8.7359040e-02
   6.6000000e+04  -1.8400050e+00  -1.0659050e-01
   6.6125000e+04  -1.8423570e+00  -1.5190340e-01
   6.6250000e+04  -1.8114490e+00  -1.4873390e-01
   6.6375000e+04  -1.8005040e+00  -1.3587350e-01
   6.6500000e+04  -1.8616830e+00  -2.6288260e-01
   6.6625000e+04  -1.8211660e+00  -2.2420010e-01
   6.6750000e+04  -1.7832030e+00  -1.4763270e-01
   6.6875000e+04  -1.6996390e+00  -1.5107090e-01
   6.7000000e+04  -1.5957230e+00  -1.6791210e-01
   6.7125000e+04  -1.7340300e+00  -2.1386080e-01
   6.7250000e+04  -1.6408940e+00  -1.3571180e-01
   6.7375000e+04  -1.5630110e+00  -3.6713370e-02
   6.7500000e+04  -1.6059490e+00  -7.3640700e-02
   6.7625000e+04  -1.6222420e+00  -7.7041600e-02
   6.7750000e+04  -1.6066130e+00  -6.6287500e-02
   6.7875000e+04  -1.5608060e+00  -1.8856220e-01
   6.8000000e+04  -1.6131860e+00  -4.2493030e-02
   6.8125000e+04  -1.6278130e+00  -1.3304330e-01
   6.8250000e+04  -1.5216620e+00  -1.2315580e-01
   6.8375000e+04  -1.5515580e+00  -9.5642730e-02
   6.8500000e+04  -1.4287330e+00  -1.0223610e-01
   6.8625000e+04  -1.4796710e+00  -1.5196000e-01
   6.8750000e+04  -1.4511130e+00  -1.0491000e-01
   6.8875000e+04  -1.4208130e+00  -1.0337610e-01
   6.9000000e+04  -1.4795700e+00  -1.1298220e-01
   6.9125000e+04  -1.3722390e+00  -8.5887970e-02
   6.9250000e+04  -1.4973970e+00  -6.9937960e-02
   6.9375000e+04  -1.3930590e+00  -7.9780970e-02
   6.9500000e+04  -1.3863830e+00  -3.6653500e-02
   6.9625000e+04  -1.3622870e+00  -7.2869360e-02
   6.9750000e+04  -1.2966820e+00  -5.6600670e-02
   6.9875000e+04  -1.3487320e+00  -1.5487820e-01
   7.0000000e+04  -1.3738130e+00  -4.2969090e-02
   7.0125000e+04  -1.2902210e+00  -5.3458770e-02
   7.0250000e+04  -1.3823640e+00  -1.0402900e-01
   7.0375000e+04  -1.2640440e+00  -9.7033600e-02
   7.0500000e+04  -1.2993610e+00  -3.9241180e-02
   7.0625000e+04  -1.2419320e+00  -1.1604990e-01
   7.0750000e+04  -1.2007660e+00  -4.3088350e-02
   7.0875000e+04  -1.2267790e+00  -1.0095340e-01
   7.1000000e+04  -1.2282750e+00  -1.4417950e-01
   7.1125000e+04  -1.2623100e+00  -9.6383720e-02
   7.1250000e+04  -1.1791420e+00  -3.3843380e-02
   7.1375000e+04  -1.2067720e+00  -8.1665550e-02
   7.1500000e+04  -1.1793910e+00  -5.2472700e-02
   7.1625000e+04  -1.1959550e+00  -6.7512900e-02
   7.1750000e+04  -1.1851950e+00  -7.5455340e-02
   7.1875000e+04  -1.1777040e+00  -3.4731490e-02
   7.2000000e+04  -1.0869210e+00  -1.2267070e-01
   7.2125000e+04  -1.1083400e+00  -4.7128910e-02
   7.2250000e+04  -1.1650140e+00  -5.5750440e-02
   7.2375000e+04  -1.2026140e+00  -1.1212190e-01
   7.2500000e+04  -1.0945690e+00  -1.1701210e-02
   7.2625000e+04  -1.1068760e+00  -5.6054180e-02
   7.2750000e+04  -1.1336380e+00  -8.4219470e-02
   7.2875000e+04  -1.1006010e+00  -1.0056610e-01
   7.3000000e+04  -1.0747510e+00  -1.3032410e-01
   7.3125000e+04  -1.0511640e+00  -1.3697150e-01
   7.3250000e+04  -1.0166080e+00  -7.9417840e-02
   7.3375000e+04  -1.1081120e+00  -4.7309540e-02
   7.3500000e+04  -1.1043750e+00  -1.3262620e-01
   7.3625000e+04  -1.0187570e+00   1.9731570e-02
   7.3750000e+04  -1.0263210e+00  -6.9941650e-02
   7.3875000e+04  -9.3884470e-01  -1.3898960e-01
   7.4000000e+04  -9.5261230e-01  -8.7197900e-02
   7.4125000e+04  -9.4621320e-01  -6.0364550e-02
   7.4250000e+04  -1.0048910e+00   1.8726800e-02
   7.4375000e+04  -9.4878850e-01  -2.7907250e-02
   7.4500000e+04  -9.6102260e-01  -4.2356420e-02
   7.4625000e+04  -9.1235020e-01  -4.7010590e-02
   7.4750000e+04  -9.7855380e-01   1.6248480e-02
   7.4875000e+04  -9.8133230e-01  -1.0659720e-02
   7.5000000e+04  -9.3767740e-01  -5.9722920e-04
   7.5125000e+04  -9.7811220e-01  -8.2687110e-02
   7.5250000e+04  -9.4738020e-01  -3.5430400e-02
   7.5375000e+04  -8.7838530e-01  -9.3571690e-02
   7.5500000e+04  -8.9878200e-01  -2.1633990e-02
   7.5625000e+04  -8.4481500e-01  -4.2577270e-02
   7.5750000e+04  -8.6052380e-01  -2.3856400e-02
   7.5875000e+04  -9.1797260e-01  -1.5209010e-02
   7.6000000e+04  -8.8217830e-01  -1.9533260e-02
   7.6125000e+04  -8.5426760e-01   3.1191410e-03
   7.6250000e+04  -8.5040350e-01  -7.8224140e-02
   7.6375000e+04  -8.9849810e-01  -4.9599250e-02
   7.6500000e+04  -8.6821410e-01  -6.1967850e-02
   7.6625000e+04  -8.5742870e-01  -4.6018790e-02
   7.6750000e+04  -8.4584950e-01  -5.2893400e-02
   7.6875000e+04  -8.1429140e-01  -1.6990540e-02
   7.7000000e+04  -8.5458450e-01  -9.1249700e-02
   7.7125000e+04  -7.8175390e-01  -1.6996130e-02
   7.7250000e+04  -7.7026380e-01  -4.7973360e-02
   7.7375000e+04  -7.8610410e-01  -3.6398190e-02
   7.7500000e+04  -8.0340260e-01  -6.7884550e-02
   7.7625000e+04  -8.5791490e-01  -4.0624450e-02
   7.7750000e+04  -7.8323880e-01  -7.7883720e-02
   7.7875000e+04  -8.2348530e-01  -5.0132330e-02
   7.8000000e+04  -7.8124570e-01  -4.5893690e-02
   7.8125000e+04  -8.1285110e-01  -3.9620560e-02
   7.8250000e+04  -8.0196240e-01  -4.1364940e-02
   7.8375000e+04  -7.2727850e-01   3.6668830e-02
   7.8500000e+04  -7.7902780e-01  -2.3517600e-02
   7.8625000e+04  -7.5876080e-01  -1.7683070e-02
   7.8750000e+04  -7.3799170e-01  -6.6818490e-02
   7.8875000e+04  -7.4811620e-01  -1.9806730e-02
   7.9000000e+04  -7.5612600e-01  -3.1860970e-02
   7.9125000e+04  -7.3675560e-01  -2.9088350e-02
   7.9250000e+04  -7.7129870e-01   2.0848360e-03
   7.9375000e+04  -7.6582100e-01  -5.7768420e-02
   7.9500000e+04  -7.3554900e-01  -9.9691190e-03
   7.9625000e+04  -7.5769650e-01  -9.4577520e-03
   7.9750000e+04  -7.6765910e-01   3.8152490e-03
   7.9875000e+04  -6.9157970e-01  -4.8019070e-02
   8.0000000e+04  -7.0723950e-01  -1.8182270e-02
   8.0125000e+04  -6.9119960e-01  -4.2077420e-02
   8.0250000e+04  -7.1309880e-01  -5.2522330e-02
   8.0375000e+04  -7.3069380e-01  -5.6495230e-02
   8.0500000e+04  -6.9127010e-01  -5.5164520e-02
   8.0625000e+04  -7.2156410e-01  -7.9322310e-02
   8.0750000e+04  -6.8035300e-01  -2.0212260e-02
   8.0875000e+04  -6.9039020e-01   1.1145160e-02
   8.1000000e+04  -6.8966810e-01   3.0103090e-02
   8.1125000e+04  -6.2376440e-01  -5.4897700e-02
   8.1250000e+04  -7.2553920e-01   8.0066550e-03
   8.1375000e+04  -6.4124820e-01  -1.8495060e-02
   8.1500000e+04  -6.3951880e-01  -1.0533810e-02
   8.1625000e+04  -6.8113840e-01  -7.0892830e-03
   8.1750000e+04  -6.9841860e-01  -2.8905100e-02
   8.1875000e+04  -6.5100040e-01  -5.5010790e-02
   8.2000000e+04  -6.8653370e-01  -7.1053770e-03
   8.2125000e+04  -6.7517530e-01  -2.1757920e-02
   8.2250000e+04  -6.5403830e-01  -9.9803030e-02
   8.2375000e+04  -6.2956290e-01   2.4233730e-02
   8.2500000e+04  -6.8386220e-01  -1.8608930e-02
   8.2625000e+04  -6.3869600e-01  -1.4002920e-02
   8.2750000e+04  -6.0937570e-01  -2.1310730e-02
   8.2875000e+04  -6.0402050e-01  -4.5221220e-03
   8.3000000e+04  -6.2599290e-01  -4.4719060e-02
   8.3125000e+04  -6.1330760e-01  -2.6999910e-02
   8.3250000e+04  -6.4148310e-01  -2.1713010e-02
   8.3375000e+04  -5.7795660e-01   3.4506940e-03
   8.3500000e+04  -6.2213550e-01  -5.3128040e-02
   8.3625000e+04  -6.0667720e-01   8.8256670e-03
   8.3750000e+04  -5.9599310e-01  -2.4240130e-02
   8.3875000e+04  -5.6511880e-01  -6.3374850e-02
   8.4000000e+04  -5.4218370e-01  -4.6557870e-02
   8.4125000e+04  -6.1186050e-01  -4.6351790e-02
   8.4250000e+04  -5.5310950e-01  -5.9104900e-02
   8.4375000e+04  -5.7985380e-01  -7.1899720e-03
   8.4500000e+04  -5.6994130e-01  -2.8191360e-03
   8.4625000e+04  -5.6310070e-01  -1.9017210e-02
   8.4750000e+04  -5.7067420e-01  -4.0378070e-02
   8.4875000e+04  -5.5115860e-01  -4.9015250e-02
   8.5000000e+04  -5.5237990e-01  -3.2058070e-02
   8.5125000e+04  -5.5084620e-01  -2.4658600e-02
   8.5250000e+04  -5.7390300e-01  -1.6807910e-02
   8.5375000e+04  -5.5523420e-01  -7.3410080e-02
   8.5500000e+04  -5.5900850e-01  -9.4279110e-03
   8.5625000e+04  -5.3477960e-01  -2.6047480e-02
   8.5750000e+04  -5.3080570e-01  -3.3987840e-02
   8.5875000e+04  -5.6408720e-01  -6.3205760e-02
   8.6000000e+04  -5.4349970e-01  -3.6432930e-02
   8.6125000e+04  -5.5627500e-01  -8.7227880e-02
   8.6250000e+04  -5.1329930e-01  -8.4782230e-02
   8.6375000e+04  -5.2282670e-01  -5.2130090e-02
   8.6500000e+04  -5.2531770e-01  -5.0703400e-02
   8.6625000e+04  -5.0340050e-01  -3.3180620e-02
   8.6750000e+04  -5.4035480e-01   1.6164220e-02
   8.6875000e+04  -4.9474980e-01  -3.6668110e-02
   8.7000000e+04  -4.9518700e-01   1.1118940e-02
   8.7125000e+04  -5.1555970e-01   2.1065750e-02
   8.7250000e+04  -5.2309220e-01   2.0537490e-02
   8.7375000e+04  -4.9859170e-01  -1.6903010e-02
   8.7500000e+04  -5.2699710e-01  -2.2749730e-02
   8.7625000e+04  -5.1309220e-01  -4.8960600e-02
   8.7750000e+04  -4.8285080e-01  -4.0145910e-03
   8.7875000e+04  -4.9619780e-01  -2.4407190e-02
   8.8000000e+04  -5.2161660e-01  -1.0889860e-02
   8.8125000e+04  -5.1769230e-01  -2.4718680e-02
   8.8250000e+04  -5.0415350e-01  -3.4274930e-02
   8.8375000e+04  -4.8312980e-01  -6.4820740e-03
   8.8500000e+04  -4.8717340e-01  -6.0828790e-02
   8.8625000e+04  -4.4342450e-01  -1.6951340e-02
   8.8750000e+04  -4.6240310e-01  -6.1682400e-02
   8.8875000e+04  -4.5572680e-01  -2.8016050e-02
   8.9000000e+04  -4.5280450e-01  -2.9141240e-02
   8.9125000e+04  -4.4874180e-01   3.4842100e-03
   8.9250000e+04  -4.8752500e-01  -1.4083030e-02
   8.9375000e+04  -4.5186730e-01   2.3108740e-02
   8.9500000e+04  -4.1451390e-01  -3.8842090e-02
   8.9625000e+04  -4.3527130e-01  -1.6640320e-02
   8.9750000e+04  -4.5029470e-01  -4.4459780e-02
   8.9875000e+04  -4.5638810e-01   2.0520740e-02
   9.0000000e+04  -4.3818680e-01  -3.8466030e-02
   9.0125000e+04  -4.4375090e-01  -3.6408240e-02
   9.0250000e+04  -4.7489140e-01   2.6893140e-02
   9.0375000e+04  -4.3876200e-01  -9.4355270e-03
   9.0500000e+04  -4.2113800e-01  -1.5497020e-02
   9.0625000e+04  -4.5339440e-01  -5.7017640e-03
   9.0750000e+04  -4.5318870e-01  -5.1089840e-02
   9.0875000e+04  -4.3679350e-01  -1.4857160e-02
   9.1000000e+04  -4.2987630e-01   1.0483860e-02
   9.1125000e+04  -4.1774880e-01  -2.9146630e-02
   9.1250000e+04  -4.6687200e-01  -1.7785920e-02
   9.1375000e+04  -4.5709600e-01  -2.7447470e-02
   9.1500000e+04  -4.0968930e-01   5.0599580e-03
   9.1625000e+04  -4.3756960e-01  -2.2988000e-02
   9.1750000e+04  -4.1850810e-01  -2.8086790e-02
   9.1875000e+04  -4.2863600e-01  -1.5002150e-03
   9.2000000e+04  -3.9112950e-01   2.7492700e-03
   9.2125000e+04  -4.3138080e-01  -1.5910250e-02
   9.2250000e+04  -4.4958820e-01   2.2100840e-02
   9.2375000e+04  -3.9451530e-01   1.3898390e-02
   9.2500000e+04  -4.1809050e-01  -1.8921420e-03
   9.2625000e+04  -4.4998490e-01  -3.4907990e-02
   9.2750000e+04  -4.0022700e-01  -3.6898870e-02
   9.2875000e+04  -3.7574150e-01  -4.3309460e-02
   9.3000000e+04  -3.9628930e-01   2.0200010e-03
   9.3125000e+04  -4.1842910e-01  -1.5971120e-02
   9.3250000e+04  -4.0236560e-01  -1.8364340e-02
   9.3375000e+04  -4.2420280e-01  -4.2318370e-02
   9.3500000e+04  -3.5789420e-01  -7.8441170e-03
   9.3625000e+04  -3.8840660e-01  -3.4867420e-02
   9.3750000e+04  -3.7463170e-01   4.8580410e-03
   9.3875000e+04  -3.6238080e-01  -1.3578930e-03
   9.4000000e+04  -4.0013660e-01  -8.2480500e-03
   9.4125000e+04  -3.8409910e-01  -2.0270710e-02
   9.4250000e+04  -4.0714880e-01  -9.8334630e-04
   9.4375000e+04  -3.6534510e-01  -1.8285870e-02
   9.4500000e+04  -3.6159930e-01   2.6900210e-03
   9.4625000e+04  -3.5726740e-01  -1.2322610e-02
   9.4750000e+04  -3.6396260e-01   2.9817240e-02
   9.4875000e+04  -3.9779200e-01  -2.4548590e-02
   9.5000000e+04  -3.7827420e-01  -9.4021020e-03
   9.5125000e+04  -3.4855810e-01  -2.5694730e-02
   9.5250000e+04  -3.7649010e-01  -1.1431820e-02
   9.5375000e+04  -3.7106600e-01  -2.0244090e-02
   9.5500000e+04  -3.4117100e-01  -2.8492730e-02
   9.5625000e+04  -3.4558350e-01   2.1612800e-02
   9.5750000e+04  -3.5156140e-01  -3.7433770e-02
   9.5875000e+04  -3.6400860e-01  -4.5459470e-02
   9.6000000e+04  -3.3006770e-01  -2.6206930e-02
   9.6125000e+04  -3.3980920e-01  -2.1355160e-02
   9.6250000e+04  -3.5492530e-01  -1.8749570e-02
   9.6375000e+04  -3.3613040e-01  -6.7407270e-04
   9.6500000e+04  -3.3810000e-01  -2.0508420e-02
   9.6625000e+04  -3.4078880e-01  -1.1859570e-02
   9.6750000e+04  -3.5337970e-01  -2.5430160e-02
   9.6875000e+04  -3.1089740e-01  -4.2470970e-02
   9.7000000e+04  -3.4857720e-01   2.3288540e-02
   9.7125000e+04  -3.1968000e-01  -8.5560740e-03
   9.7250000e+04  -3.2347930e-01  -3.3077280e-03
   9.7375000e+04  -3.4314230e-01  -3.4579150e-02
   9.7500000e+04  -3.2961490e-01  -1.1881800e-02
   9.7625000e+04  -3.5651940e-01   2.6547340e-02
   9.7750000e+04  -3.2025980e-01   1.6382960e-02
   9.7875000e+04  -3.1336230e-01  -3.6329690e-02
   9.8000000e+04  -3.3134200e-01  -4.1245860e-03
   9.8125000e+04  -3.4292050e-01  -2.4367810e-02
   9.8250000e+04  -2.9797190e-01   5.4259190e-03
   9.8375000e+04  -3.4140660e-01  -3.1101140e-02
   9.8500000e+04  -3.0261660e-01  -2.4985020e-02
   9.8625000e+04  -3.1047620e-01  -9.0280750e-03
   9.8750000e+04  -2.8461270e-01  -4.5113730e-02
   9.8875000e+04  -3.2131140e-01   3.1892990e-03
   9.9000000e+04  -3.3930060e-01  -1.0883150e-02
   9.9125000e+04  -3.5669330e-01   2.6864710e-03
   9.9250000e+04  -3.1011130e-01   2.0576360e-02
   9.9375000e+04  -3.1723940e-01  -3.9551240e-02
   9.9500000e+04  -3.0722110e-01   1.7202160e-02
   9.9625000e+04  -3.5331600e-01  -2.1343290e-02
   9.9750000e+04  -3.0296050e-01  -3.7164350e-02
   9.9875000e+04  -2.9166720e-01  -3.2274610e-02
   1.0000000e+05  -2.8594580e-01  -1.9407400e-02
