   9.9999905e+00   8.3414060e-01  -1.6667580e-03
   1.0115785e+01   8.3339960e-01  -2.3358810e-03
   1.0232920e+01   8.3265840e-01  -3.0038160e-03
   1.0351412e+01   8.3191740e-01  -3.6705630e-03
   1.0471275e+01   8.3117640e-01  -4.3361210e-03
   1.0592527e+01   8.3043560e-01  -5.0004930e-03
   1.0715183e+01   8.2969510e-01  -5.6636830e-03
   1.0839259e+01   8.2895450e-01  -6.3256870e-03
   1.0964772e+01   8.2821450e-01  -6.9865110e-03
   1.1091738e+01   8.2769210e-01  -6.5015250e-03
   1.1220174e+01   8.2716980e-01  -6.0171510e-03
   1.1350097e+01   8.2664740e-01  -5.5333890e-03
   1.1481525e+01   8.2612530e-01  -5.0502350e-03
   1.1614475e+01   8.2560310e-01  -4.5676930e-03
   1.1748964e+01   8.2508100e-01  -4.0857600e-03
   1.1885011e+01   8.2455880e-01  -3.6044360e-03
   1.2022633e+01   8.2403690e-01  -3.1237240e-03
   1.2161848e+01   8.2453740e-01  -3.1257570e-03
   1.2302676e+01   8.2503830e-01  -3.1277930e-03
   1.2445134e+01   8.2553950e-01  -3.1298290e-03
   1.2589242e+01   8.2604080e-01  -3.1318660e-03
   1.2735019e+01   8.2654270e-01  -3.1339060e-03
   1.2882483e+01   8.2704480e-01  -3.1359450e-03
   1.3031655e+01   8.2754720e-01  -3.1379870e-03
   1.3182555e+01   8.2804970e-01  -3.1400290e-03
   1.3335202e+01   8.2739130e-01  -3.2910770e-03
   1.3489616e+01   8.2673320e-01  -3.4418830e-03
   1.3645818e+01   8.2607540e-01  -3.5924460e-03
   1.3803829e+01   8.2541860e-01  -3.7427680e-03
   1.3963670e+01   8.2476190e-01  -3.8928490e-03
   1.4125362e+01   8.2410610e-01  -4.0426880e-03
   1.4288926e+01   8.2345020e-01  -4.1922880e-03
   1.4454384e+01   8.2279600e-01  -4.3416500e-03
   1.4621758e+01   8.2296140e-01  -4.4913920e-03
   1.4791070e+01   8.2312710e-01  -4.6411930e-03
   1.4962342e+01   8.2329280e-01  -4.7910560e-03
   1.5135598e+01   8.2345880e-01  -4.9409760e-03
   1.5310860e+01   8.2362450e-01  -5.0909600e-03
   1.5488151e+01   8.2379020e-01  -5.2410020e-03
   1.5667496e+01   8.2395590e-01  -5.3911070e-03
   1.5848917e+01   8.2412250e-01  -5.5412750e-03
   1.6032439e+01   8.2348740e-01  -5.7330570e-03
   1.6218086e+01   8.2285300e-01  -5.9245420e-03
   1.6405882e+01   8.2221880e-01  -6.1157300e-03
   1.6595853e+01   8.2158500e-01  -6.3066180e-03
   1.6788024e+01   8.2095180e-01  -6.4972070e-03
   1.6982420e+01   8.2031900e-01  -6.6875020e-03
   1.7179067e+01   8.1968650e-01  -6.8774980e-03
   1.7377992e+01   8.1905570e-01  -7.0672080e-03
   1.7579219e+01   8.1915820e-01  -6.9130990e-03
   1.7782777e+01   8.1926090e-01  -6.7589500e-03
   1.7988692e+01   8.1936370e-01  -6.6047620e-03
   1.8196991e+01   8.1946640e-01  -6.4505370e-03
   1.8407702e+01   8.1956900e-01  -6.2962720e-03
   1.8620854e+01   8.1967170e-01  -6.1419690e-03
   1.8836473e+01   8.1977420e-01  -5.9876260e-03
   1.9054589e+01   8.1987700e-01  -5.8332500e-03
   1.9275231e+01   8.2001170e-01  -5.7392170e-03
   1.9498427e+01   8.2014660e-01  -5.6451530e-03
   1.9724209e+01   8.2028140e-01  -5.5510580e-03
   1.9952604e+01   8.2041630e-01  -5.4569310e-03
   2.0183644e+01   8.2055130e-01  -5.3627740e-03
   2.0417360e+01   8.2068620e-01  -5.2685840e-03
   2.0653782e+01   8.2082120e-01  -5.1743660e-03
   2.0892941e+01   8.2095800e-01  -5.0801270e-03
   2.1134870e+01   8.2095130e-01  -5.3506910e-03
   2.1379601e+01   8.2094490e-01  -5.6212500e-03
   2.1627165e+01   8.2093800e-01  -5.8918060e-03
   2.1877595e+01   8.2093130e-01  -6.1623580e-03
   2.2130926e+01   8.2092440e-01  -6.4329070e-03
   2.2387190e+01   8.2091740e-01  -6.7034500e-03
   2.2646421e+01   8.2091030e-01  -6.9739920e-03
   2.2908655e+01   8.2090480e-01  -7.2445450e-03
   2.3173924e+01   8.2142410e-01  -7.3698120e-03
   2.3442266e+01   8.2194380e-01  -7.4952330e-03
   2.3713714e+01   8.2246390e-01  -7.6208120e-03
   2.3988306e+01   8.2298410e-01  -7.7465470e-03
   2.4266078e+01   8.2350480e-01  -7.8724380e-03
   2.4547066e+01   8.2402550e-01  -7.9984830e-03
   2.4831307e+01   8.2454670e-01  -8.1246850e-03
   2.5118840e+01   8.2507050e-01  -8.2510690e-03
   2.5409703e+01   8.2457670e-01  -8.3956250e-03
   2.5703933e+01   8.2408340e-01  -8.5400060e-03
   2.6001571e+01   8.2359040e-01  -8.6842090e-03
   2.6302655e+01   8.2309730e-01  -8.8282360e-03
   2.6607225e+01   8.2260470e-01  -8.9720920e-03
   2.6915322e+01   8.2211240e-01  -9.1157690e-03
   2.7226987e+01   8.2162030e-01  -9.2592710e-03
   2.7542261e+01   8.2112870e-01  -9.4026080e-03
   2.7861185e+01   8.2162890e-01  -9.9182630e-03
   2.8183802e+01   8.2212910e-01  -1.0434550e-02
   2.8510155e+01   8.2262910e-01  -1.0951460e-02
   2.8840288e+01   8.2312900e-01  -1.1469000e-02
   2.9174242e+01   8.2362900e-01  -1.1987170e-02
   2.9512064e+01   8.2412890e-01  -1.2505970e-02
   2.9853798e+01   8.2462890e-01  -1.3025400e-02
   3.0199488e+01   8.2512940e-01  -1.3545470e-02
   3.0549182e+01   8.2541950e-01  -1.3232600e-02
   3.0902925e+01   8.2570990e-01  -1.2919520e-02
   3.1260764e+01   8.2600030e-01  -1.2606210e-02
   3.1622746e+01   8.2629050e-01  -1.2292680e-02
   3.1988921e+01   8.2658090e-01  -1.1978930e-02
   3.2359335e+01   8.2687100e-01  -1.1664970e-02
   3.2734038e+01   8.2716090e-01  -1.1350780e-02
   3.3113081e+01   8.2745280e-01  -1.1036390e-02
   3.3496512e+01   8.2706940e-01  -1.1099470e-02
   3.3884383e+01   8.2668620e-01  -1.1162490e-02
   3.4276746e+01   8.2630330e-01  -1.1225440e-02
   3.4673652e+01   8.2592070e-01  -1.1288330e-02
   3.5075154e+01   8.2553780e-01  -1.1351170e-02
   3.5481305e+01   8.2515560e-01  -1.1413940e-02
   3.5892159e+01   8.2477320e-01  -1.1476650e-02
   3.6307771e+01   8.2439290e-01  -1.1539330e-02
   3.6728195e+01   8.2421980e-01  -1.1781830e-02
   3.7153487e+01   8.2404670e-01  -1.2024230e-02
   3.7583705e+01   8.2387360e-01  -1.2266530e-02
   3.8018903e+01   8.2370080e-01  -1.2508730e-02
   3.8459142e+01   8.2352770e-01  -1.2750830e-02
   3.8904477e+01   8.2335430e-01  -1.2992820e-02
   3.9354970e+01   8.2318100e-01  -1.3234720e-02
   3.9810679e+01   8.2300890e-01  -1.3476530e-02
   4.0271665e+01   8.2322440e-01  -1.3710060e-02
   4.0737989e+01   8.2343990e-01  -1.3943710e-02
   4.1209713e+01   8.2365550e-01  -1.4177480e-02
   4.1686899e+01   8.2387100e-01  -1.4411380e-02
   4.2169610e+01   8.2408650e-01  -1.4645400e-02
   4.2657911e+01   8.2430210e-01  -1.4879540e-02
   4.3151867e+01   8.2451760e-01  -1.5113810e-02
   4.3651542e+01   8.2473310e-01  -1.5348200e-02
   4.4157003e+01   8.2459670e-01  -1.5196330e-02
   4.4668317e+01   8.2446060e-01  -1.5044500e-02
   4.5185551e+01   8.2432470e-01  -1.4892730e-02
   4.5708775e+01   8.2418860e-01  -1.4741010e-02
   4.6238058e+01   8.2405220e-01  -1.4589340e-02
   4.6773470e+01   8.2391600e-01  -1.4437710e-02
   4.7315081e+01   8.2377970e-01  -1.4286140e-02
   4.7862964e+01   8.2364450e-01  -1.4134640e-02
   4.8417191e+01   8.2306990e-01  -1.4385410e-02
   4.8977835e+01   8.2249580e-01  -1.4635810e-02
   4.9544972e+01   8.2192220e-01  -1.4885870e-02
   5.0118676e+01   8.2134880e-01  -1.5135570e-02
   5.0699022e+01   8.2077560e-01  -1.5384920e-02
   5.1286089e+01   8.2020270e-01  -1.5633910e-02
   5.1879954e+01   8.1963030e-01  -1.5882560e-02
   5.2480696e+01   8.1905830e-01  -1.6130850e-02
   5.3088394e+01   8.1948310e-01  -1.6016430e-02
   5.3703128e+01   8.1990800e-01  -1.5901900e-02
   5.4324981e+01   8.2033330e-01  -1.5787240e-02
   5.4954035e+01   8.2075870e-01  -1.5672460e-02
   5.5590373e+01   8.2118430e-01  -1.5557560e-02
   5.6234079e+01   8.2161010e-01  -1.5442530e-02
   5.6885239e+01   8.2203590e-01  -1.5327380e-02
   5.7543939e+01   8.2246240e-01  -1.5212120e-02
   5.8210266e+01   8.2187260e-01  -1.6261160e-02
   5.8884309e+01   8.2128180e-01  -1.7308720e-02
   5.9566158e+01   8.2069020e-01  -1.8354780e-02
   6.0255901e+01   8.2009800e-01  -1.9399380e-02
   6.0953632e+01   8.1950460e-01  -2.0442470e-02
   6.1659441e+01   8.1891040e-01  -2.1484080e-02
   6.2373424e+01   8.1831510e-01  -2.2524200e-02
   6.3095674e+01   8.1771860e-01  -2.3562840e-02
   6.3826288e+01   8.1757340e-01  -2.3484960e-02
   6.4565361e+01   8.1742820e-01  -2.3407110e-02
   6.5312993e+01   8.1728300e-01  -2.3329280e-02
   6.6069282e+01   8.1713780e-01  -2.3251490e-02
   6.6834328e+01   8.1699290e-01  -2.3173720e-02
   6.7608233e+01   8.1684760e-01  -2.3095980e-02
   6.8391100e+01   8.1670270e-01  -2.3018260e-02
   6.9183031e+01   8.1655890e-01  -2.2940590e-02
   6.9984133e+01   8.1595760e-01  -2.3116940e-02
   7.0794511e+01   8.1535630e-01  -2.3293020e-02
   7.1614273e+01   8.1475580e-01  -2.3468830e-02
   7.2443527e+01   8.1415550e-01  -2.3644350e-02
   7.3282383e+01   8.1355580e-01  -2.3819620e-02
   7.4130953e+01   8.1295620e-01  -2.3994610e-02
   7.4989349e+01   8.1235700e-01  -2.4169340e-02
   7.5857685e+01   8.1175980e-01  -2.4343840e-02
   7.6736076e+01   8.1183420e-01  -2.4492170e-02
   7.7624638e+01   8.1190880e-01  -2.4640520e-02
   7.8523489e+01   8.1198320e-01  -2.4788900e-02
   7.9432748e+01   8.1205780e-01  -2.4937310e-02
   8.0352536e+01   8.1213220e-01  -2.5085740e-02
   8.1282974e+01   8.1220660e-01  -2.5234200e-02
   8.2224187e+01   8.1228100e-01  -2.5382690e-02
   8.3176298e+01   8.1235580e-01  -2.5531240e-02
   8.4139434e+01   8.1200820e-01  -2.5726550e-02
   8.5113723e+01   8.1166130e-01  -2.5921690e-02
   8.6099293e+01   8.1131420e-01  -2.6116660e-02
   8.7096276e+01   8.1096710e-01  -2.6311460e-02
   8.8104803e+01   8.1062020e-01  -2.6506090e-02
   8.9125009e+01   8.1027350e-01  -2.6700550e-02
   9.0157028e+01   8.0992680e-01  -2.6894850e-02
   9.1200997e+01   8.0958230e-01  -2.7089050e-02
   9.2257055e+01   8.0945950e-01  -2.7536380e-02
   9.3325341e+01   8.0933650e-01  -2.7983590e-02
   9.4405998e+01   8.0921330e-01  -2.8430670e-02
   9.5499168e+01   8.0908980e-01  -2.8877610e-02
   9.6604996e+01   8.0896600e-01  -2.9324440e-02
   9.7723629e+01   8.0884200e-01  -2.9771130e-02
   9.8855215e+01   8.0871780e-01  -3.0217700e-02
   9.9999905e+01   8.0859410e-01  -3.0664140e-02
   1.0115785e+02   8.0909520e-01  -3.0989990e-02
   1.0232920e+02   8.0959660e-01  -3.1316230e-02
   1.0351412e+02   8.1009800e-01  -3.1642860e-02
   1.0471275e+02   8.1059990e-01  -3.1969900e-02
   1.0592527e+02   8.1110150e-01  -3.2297340e-02
   1.0715183e+02   8.1160360e-01  -3.2625160e-02
   1.0839259e+02   8.1210580e-01  -3.2953400e-02
   1.0964772e+02   8.1260860e-01  -3.3282030e-02
   1.1091738e+02   8.1276400e-01  -3.3289990e-02
   1.1220174e+02   8.1291950e-01  -3.3297960e-02
   1.1350097e+02   8.1307490e-01  -3.3305940e-02
   1.1481525e+02   8.1323060e-01  -3.3313910e-02
   1.1614475e+02   8.1338610e-01  -3.3321890e-02
   1.1748964e+02   8.1354170e-01  -3.3329870e-02
   1.1885011e+02   8.1369720e-01  -3.3337850e-02
   1.2022633e+02   8.1385240e-01  -3.3345830e-02
   1.2161848e+02   8.1398070e-01  -3.4184600e-02
   1.2302676e+02   8.1410780e-01  -3.5023670e-02
   1.2445134e+02   8.1423410e-01  -3.5863030e-02
   1.2589242e+02   8.1435970e-01  -3.6702700e-02
   1.2735019e+02   8.1448450e-01  -3.7542660e-02
   1.2882483e+02   8.1460840e-01  -3.8382930e-02
   1.3031655e+02   8.1473150e-01  -3.9223470e-02
   1.3182555e+02   8.1485230e-01  -4.0064270e-02
   1.3335202e+02   8.1585540e-01  -4.0442770e-02
   1.3489616e+02   8.1685960e-01  -4.0822140e-02
   1.3645818e+02   8.1786480e-01  -4.1202370e-02
   1.3803829e+02   8.1887090e-01  -4.1583520e-02
   1.3963670e+02   8.1987820e-01  -4.1965540e-02
   1.4125362e+02   8.2088670e-01  -4.2348420e-02
   1.4288926e+02   8.2189640e-01  -4.2732200e-02
   1.4454384e+02   8.2290850e-01  -4.3116930e-02
   1.4621758e+02   8.2358160e-01  -4.3311890e-02
   1.4791070e+02   8.2425530e-01  -4.3507140e-02
   1.4962342e+02   8.2492960e-01  -4.3702670e-02
   1.5135598e+02   8.2560410e-01  -4.3898500e-02
   1.5310860e+02   8.2627930e-01  -4.4094630e-02
   1.5488151e+02   8.2695500e-01  -4.4291040e-02
   1.5667496e+02   8.2763110e-01  -4.4487750e-02
   1.5848917e+02   8.2830940e-01  -4.4684830e-02
   1.6032439e+02   8.2837470e-01  -4.5048180e-02
   1.6218086e+02   8.2843980e-01  -4.5411590e-02
   1.6405882e+02   8.2850470e-01  -4.5775060e-02
   1.6595853e+02   8.2856950e-01  -4.6138620e-02
   1.6788024e+02   8.2863410e-01  -4.6502230e-02
   1.6982420e+02   8.2869870e-01  -4.6865900e-02
   1.7179067e+02   8.2876340e-01  -4.7229640e-02
   1.7377992e+02   8.2882840e-01  -4.7593530e-02
   1.7579219e+02   8.2920090e-01  -4.8396790e-02
   1.7782777e+02   8.2957230e-01  -4.9200830e-02
   1.7988692e+02   8.2994300e-01  -5.0005610e-02
   1.8196991e+02   8.3031330e-01  -5.0811150e-02
   1.8407702e+02   8.3068330e-01  -5.1617420e-02
   1.8620854e+02   8.3105260e-01  -5.2424480e-02
   1.8836473e+02   8.3142120e-01  -5.3232270e-02
   1.9054589e+02   8.3178930e-01  -5.4040830e-02
   1.9275231e+02   8.3181910e-01  -5.4549060e-02
   1.9498427e+02   8.3184850e-01  -5.5057350e-02
   1.9724209e+02   8.3187760e-01  -5.5565680e-02
   1.9952604e+02   8.3190640e-01  -5.6074080e-02
   2.0183644e+02   8.3193500e-01  -5.6582530e-02
   2.0417360e+02   8.3196340e-01  -5.7091050e-02
   2.0653782e+02   8.3199130e-01  -5.7599630e-02
   2.0892941e+02   8.3201920e-01  -5.8108260e-02
   2.1134870e+02   8.3178340e-01  -5.9029620e-02
   2.1379601e+02   8.3154690e-01  -5.9950510e-02
   2.1627165e+02   8.3130920e-01  -6.0870970e-02
   2.1877595e+02   8.3107050e-01  -6.1790950e-02
   2.2130926e+02   8.3083120e-01  -6.2710510e-02
   2.2387190e+02   8.3059060e-01  -6.3629580e-02
   2.2646421e+02   8.3034910e-01  -6.4548210e-02
   2.2908655e+02   8.3010540e-01  -6.5466300e-02
   2.3173924e+02   8.3006080e-01  -6.5581340e-02
   2.3442266e+02   8.3001620e-01  -6.5696310e-02
   2.3713714e+02   8.2997170e-01  -6.5811320e-02
   2.3988306e+02   8.2992710e-01  -6.5926270e-02
   2.4266078e+02   8.2988220e-01  -6.6041250e-02
   2.4547066e+02   8.2983740e-01  -6.6156190e-02
   2.4831307e+02   8.2979260e-01  -6.6271140e-02
   2.5118840e+02   8.2974900e-01  -6.6386120e-02
   2.5409703e+02   8.3030470e-01  -6.7279800e-02
   2.5703933e+02   8.3085980e-01  -6.8174700e-02
   2.6001571e+02   8.3141410e-01  -6.9070830e-02
   2.6302655e+02   8.3196790e-01  -6.9968240e-02
   2.6607225e+02   8.3252150e-01  -7.0866870e-02
   2.6915322e+02   8.3307470e-01  -7.1766720e-02
   2.7226987e+02   8.3362710e-01  -7.2667820e-02
   2.7542261e+02   8.3417810e-01  -7.3570030e-02
   2.7861185e+02   8.3358370e-01  -7.4590310e-02
   2.8183802e+02   8.3298840e-01  -7.5609160e-02
   2.8510155e+02   8.3239180e-01  -7.6626670e-02
   2.8840288e+02   8.3179460e-01  -7.7642810e-02
   2.9174242e+02   8.3119640e-01  -7.8657580e-02
   2.9512064e+02   8.3059720e-01  -7.9670950e-02
   2.9853798e+02   8.2999720e-01  -8.0682980e-02
   3.0199488e+02   8.2939660e-01  -8.1693690e-02
   3.0549182e+02   8.2934130e-01  -8.2384930e-02
   3.0902925e+02   8.2928520e-01  -8.3076130e-02
   3.1260764e+02   8.2922850e-01  -8.3767280e-02
   3.1622746e+02   8.2917130e-01  -8.4458400e-02
   3.1988921e+02   8.2911330e-01  -8.5149480e-02
   3.2359335e+02   8.2905490e-01  -8.5840540e-02
   3.2734038e+02   8.2899580e-01  -8.6531530e-02
   3.3113081e+02   8.2893640e-01  -8.7222560e-02
   3.3496512e+02   8.2879770e-01  -8.8581730e-02
   3.3884383e+02   8.2865610e-01  -8.9940650e-02
   3.4276746e+02   8.2851250e-01  -9.1299400e-02
   3.4673652e+02   8.2836710e-01  -9.2657910e-02
   3.5075154e+02   8.2821900e-01  -9.4016150e-02
   3.5481305e+02   8.2806910e-01  -9.5374180e-02
   3.5892159e+02   8.2791650e-01  -9.6731980e-02
   3.6307771e+02   8.2776200e-01  -9.8089500e-02
   3.6728195e+02   8.2739360e-01  -9.8694850e-02
   3.7153487e+02   8.2702480e-01  -9.9299650e-02
   3.7583705e+02   8.2665570e-01  -9.9904020e-02
   3.8018903e+02   8.2628620e-01  -1.0050780e-01
   3.8459142e+02   8.2591640e-01  -1.0111120e-01
   3.8904477e+02   8.2554590e-01  -1.0171400e-01
   3.9354970e+02   8.2517540e-01  -1.0231630e-01
   3.9810679e+02   8.2480530e-01  -1.0291830e-01
   4.0271665e+02   8.2452930e-01  -1.0405710e-01
   4.0737989e+02   8.2425200e-01  -1.0519520e-01
   4.1209713e+02   8.2397280e-01  -1.0633290e-01
   4.1686899e+02   8.2369220e-01  -1.0746990e-01
   4.2169610e+02   8.2340990e-01  -1.0860640e-01
   4.2657911e+02   8.2312620e-01  -1.0974220e-01
   4.3151867e+02   8.2284080e-01  -1.1087760e-01
   4.3651542e+02   8.2255370e-01  -1.1201230e-01
   4.4157003e+02   8.2251530e-01  -1.1306900e-01
   4.4668317e+02   8.2247550e-01  -1.1412570e-01
   4.5185551e+02   8.2243430e-01  -1.1518250e-01
   4.5708775e+02   8.2239180e-01  -1.1623940e-01
   4.6238058e+02   8.2234800e-01  -1.1729640e-01
   4.6773470e+02   8.2230270e-01  -1.1835340e-01
   4.7315081e+02   8.2225620e-01  -1.1941060e-01
   4.7862964e+02   8.2220920e-01  -1.2046800e-01
   4.8417191e+02   8.2171590e-01  -1.2131580e-01
   4.8977835e+02   8.2122190e-01  -1.2216270e-01
   4.9544972e+02   8.2072720e-01  -1.2300870e-01
   5.0118676e+02   8.2023180e-01  -1.2385380e-01
   5.0699022e+02   8.1973560e-01  -1.2469790e-01
   5.1286089e+02   8.1923880e-01  -1.2554120e-01
   5.1879954e+02   8.1874090e-01  -1.2638350e-01
   5.2480696e+02   8.1824270e-01  -1.2722490e-01
   5.3088394e+02   8.1811960e-01  -1.2903370e-01
   5.3703128e+02   8.1799250e-01  -1.3084260e-01
   5.4324981e+02   8.1786120e-01  -1.3265150e-01
   5.4954035e+02   8.1772600e-01  -1.3446060e-01
   5.5590373e+02   8.1758700e-01  -1.3626960e-01
   5.6234079e+02   8.1744400e-01  -1.3807870e-01
   5.6885239e+02   8.1729680e-01  -1.3988780e-01
   5.7543939e+02   8.1714590e-01  -1.4169700e-01
   5.8210266e+02   8.1679970e-01  -1.4296330e-01
   5.8884309e+02   8.1645140e-01  -1.4422890e-01
   5.9566158e+02   8.1610140e-01  -1.4549370e-01
   6.0255901e+02   8.1574950e-01  -1.4675790e-01
   6.0953632e+02   8.1539520e-01  -1.4802130e-01
   6.1659441e+02   8.1503920e-01  -1.4928390e-01
   6.2373424e+02   8.1468160e-01  -1.5054580e-01
   6.3095674e+02   8.1432090e-01  -1.5180690e-01
   6.3826288e+02   8.1387010e-01  -1.5339770e-01
   6.4565361e+02   8.1341640e-01  -1.5498740e-01
   6.5312993e+02   8.1295950e-01  -1.5657590e-01
   6.6069282e+02   8.1249960e-01  -1.5816320e-01
   6.6834328e+02   8.1203660e-01  -1.5974930e-01
   6.7608233e+02   8.1157020e-01  -1.6133410e-01
   6.8391100e+02   8.1110100e-01  -1.6291780e-01
   6.9183031e+02   8.1062990e-01  -1.6450050e-01
   6.9984133e+02   8.1009880e-01  -1.6605150e-01
   7.0794511e+02   8.0956440e-01  -1.6760110e-01
   7.1614273e+02   8.0902730e-01  -1.6914920e-01
   7.2443527e+02   8.0848730e-01  -1.7069590e-01
   7.3282383e+02   8.0794440e-01  -1.7224110e-01
   7.4130953e+02   8.0739870e-01  -1.7378490e-01
   7.4989349e+02   8.0684980e-01  -1.7532720e-01
   7.5857685e+02   8.0629810e-01  -1.7686790e-01
   7.6736076e+02   8.0552090e-01  -1.7849160e-01
   7.7624638e+02   8.0474030e-01  -1.8011280e-01
   7.8523489e+02   8.0395660e-01  -1.8173160e-01
   7.9432748e+02   8.0317010e-01  -1.8334790e-01
   8.0352536e+02   8.0238040e-01  -1.8496160e-01
   8.1282974e+02   8.0158790e-01  -1.8657310e-01
   8.2224187e+02   8.0079210e-01  -1.8818180e-01
   8.3176298e+02   7.9999340e-01  -1.8978830e-01
   8.4139434e+02   7.9975450e-01  -1.9145720e-01
   8.5113723e+02   7.9951220e-01  -1.9312580e-01
   8.6099293e+02   7.9926640e-01  -1.9479430e-01
   8.7096276e+02   7.9901710e-01  -1.9646260e-01
   8.8104803e+02   7.9876430e-01  -1.9813070e-01
   8.9125009e+02   7.9850800e-01  -1.9979860e-01
   9.0157028e+02   7.9824840e-01  -2.0146640e-01
   9.1200997e+02   7.9798490e-01  -2.0313380e-01
   9.2257055e+02   7.9755820e-01  -2.0580290e-01
   9.3325341e+02   7.9712230e-01  -2.0847150e-01
   9.4405998e+02   7.9667770e-01  -2.1113940e-01
   9.5499168e+02   7.9622420e-01  -2.1380670e-01
   9.6604996e+02   7.9576190e-01  -2.1647330e-01
   9.7723629e+02   7.9529100e-01  -2.1913910e-01
   9.8855215e+02   7.9481110e-01  -2.2180420e-01
   9.9999905e+02   7.9432280e-01  -2.2446880e-01
   1.0115785e+03   7.9385340e-01  -2.2679300e-01
   1.0232920e+03   7.9337730e-01  -2.2911620e-01
   1.0351412e+03   7.9289470e-01  -2.3143870e-01
   1.0471275e+03   7.9240500e-01  -2.3376020e-01
   1.0592527e+03   7.9190840e-01  -2.3608090e-01
   1.0715183e+03   7.9140530e-01  -2.3840060e-01
   1.0839259e+03   7.9089560e-01  -2.4071940e-01
   1.0964772e+03   7.9037840e-01  -2.4303720e-01
   1.1091738e+03   7.9028500e-01  -2.4588320e-01
   1.1220174e+03   7.9018170e-01  -2.4873150e-01
   1.1350097e+03   7.9006920e-01  -2.5158210e-01
   1.1481525e+03   7.8994690e-01  -2.5443490e-01
   1.1614475e+03   7.8981480e-01  -2.5728970e-01
   1.1748964e+03   7.8967340e-01  -2.6014680e-01
   1.1885011e+03   7.8952250e-01  -2.6300600e-01
   1.2022633e+03   7.8936200e-01  -2.6586740e-01
   1.2161848e+03   7.8937610e-01  -2.6892920e-01
   1.2302676e+03   7.8937970e-01  -2.7199480e-01
   1.2445134e+03   7.8937250e-01  -2.7506390e-01
   1.2589242e+03   7.8935490e-01  -2.7813670e-01
   1.2735019e+03   7.8932630e-01  -2.8121300e-01
   1.2882483e+03   7.8928720e-01  -2.8429300e-01
   1.3031655e+03   7.8923740e-01  -2.8737650e-01
   1.3182555e+03   7.8917700e-01  -2.9046350e-01
   1.3335202e+03   7.8796950e-01  -2.9396990e-01
   1.3489616e+03   7.8674590e-01  -2.9747130e-01
   1.3645818e+03   7.8550710e-01  -3.0096780e-01
   1.3803829e+03   7.8425270e-01  -3.0445890e-01
   1.3963670e+03   7.8298290e-01  -3.0794500e-01
   1.4125362e+03   7.8169740e-01  -3.1142560e-01
   1.4288926e+03   7.8039660e-01  -3.1490110e-01
   1.4454384e+03   7.7908000e-01  -3.1837100e-01
   1.4621758e+03   7.7854530e-01  -3.2197590e-01
   1.4791070e+03   7.7799470e-01  -3.2558210e-01
   1.4962342e+03   7.7742830e-01  -3.2918980e-01
   1.5135598e+03   7.7684630e-01  -3.3279890e-01
   1.5310860e+03   7.7624850e-01  -3.3640920e-01
   1.5488151e+03   7.7563510e-01  -3.4002070e-01
   1.5667496e+03   7.7500540e-01  -3.4363340e-01
   1.5848917e+03   7.7435980e-01  -3.4724690e-01
   1.6032439e+03   7.7379670e-01  -3.5188430e-01
   1.6218086e+03   7.7320850e-01  -3.5652630e-01
   1.6405882e+03   7.7259480e-01  -3.6117270e-01
   1.6595853e+03   7.7195560e-01  -3.6582360e-01
   1.6788024e+03   7.7129110e-01  -3.7047860e-01
   1.6982420e+03   7.7060090e-01  -3.7513770e-01
   1.7179067e+03   7.6988510e-01  -3.7980090e-01
   1.7377992e+03   7.6914340e-01  -3.8446810e-01
   1.7579219e+03   7.6802070e-01  -3.8852270e-01
   1.7782777e+03   7.6687780e-01  -3.9257570e-01
   1.7988692e+03   7.6571400e-01  -3.9662690e-01
   1.8196991e+03   7.6453000e-01  -4.0067640e-01
   1.8407702e+03   7.6332530e-01  -4.0472410e-01
   1.8620854e+03   7.6210010e-01  -4.0876980e-01
   1.8836473e+03   7.6085430e-01  -4.1281320e-01
   1.9054589e+03   7.5958780e-01  -4.1685360e-01
   1.9275231e+03   7.5912580e-01  -4.2243370e-01
   1.9498427e+03   7.5862940e-01  -4.2802580e-01
   1.9724209e+03   7.5809890e-01  -4.3362970e-01
   1.9952604e+03   7.5753390e-01  -4.3924520e-01
   2.0183644e+03   7.5693420e-01  -4.4487180e-01
   2.0417360e+03   7.5629980e-01  -4.5051000e-01
   2.0653782e+03   7.5563040e-01  -4.5615930e-01
   2.0892941e+03   7.5492560e-01  -4.6181920e-01
   2.1134870e+03   7.5372080e-01  -4.6754560e-01
   2.1379601e+03   7.5247800e-01  -4.7327720e-01
   2.1627165e+03   7.5119650e-01  -4.7901350e-01
   2.1877595e+03   7.4987610e-01  -4.8475460e-01
   2.2130926e+03   7.4851740e-01  -4.9050030e-01
   2.2387190e+03   7.4712000e-01  -4.9625010e-01
   2.2646421e+03   7.4568350e-01  -5.0200400e-01
   2.2908655e+03   7.4420700e-01  -5.0776090e-01
   2.3173924e+03   7.4278340e-01  -5.1422940e-01
   2.3442266e+03   7.4131160e-01  -5.2070610e-01
   2.3713714e+03   7.3979150e-01  -5.2719010e-01
   2.3988306e+03   7.3822340e-01  -5.3368200e-01
   2.4266078e+03   7.3660620e-01  -5.4018060e-01
   2.4547066e+03   7.3494060e-01  -5.4668630e-01
   2.4831307e+03   7.3322620e-01  -5.5319820e-01
   2.5118840e+03   7.3146140e-01  -5.5971610e-01
   2.5409703e+03   7.2955780e-01  -5.6825890e-01
   2.5703933e+03   7.2757280e-01  -5.7681930e-01
   2.6001571e+03   7.2550590e-01  -5.8539690e-01
   2.6302655e+03   7.2335710e-01  -5.9399090e-01
   2.6607225e+03   7.2112550e-01  -6.0260070e-01
   2.6915322e+03   7.1881070e-01  -6.1122570e-01
   2.7226987e+03   7.1641220e-01  -6.1986530e-01
   2.7542261e+03   7.1392900e-01  -6.2851780e-01
   2.7861185e+03   7.1181740e-01  -6.3813200e-01
   2.8183802e+03   7.0960790e-01  -6.4777510e-01
   2.8510155e+03   7.0730030e-01  -6.5744680e-01
   2.8840288e+03   7.0489340e-01  -6.6714580e-01
   2.9174242e+03   7.0238650e-01  -6.7687190e-01
   2.9512064e+03   6.9977910e-01  -6.8662370e-01
   2.9853798e+03   6.9707050e-01  -6.9640100e-01
   3.0199488e+03   6.9426020e-01  -7.0620360e-01
   3.0549182e+03   6.9108570e-01  -7.1704280e-01
   3.0902925e+03   6.8778550e-01  -7.2791110e-01
   3.1260764e+03   6.8435890e-01  -7.3880710e-01
   3.1622746e+03   6.8080440e-01  -7.4972910e-01
   3.1988921e+03   6.7712150e-01  -7.6067650e-01
   3.2359335e+03   6.7330920e-01  -7.7164830e-01
   3.2734038e+03   6.6936650e-01  -7.8264300e-01
   3.3113081e+03   6.6529310e-01  -7.9366050e-01
   3.3496512e+03   6.6299730e-01  -8.0772630e-01
   3.3884383e+03   6.6053450e-01  -8.2189460e-01
   3.4276746e+03   6.5790160e-01  -8.3616440e-01
   3.4673652e+03   6.5509660e-01  -8.5053500e-01
   3.5075154e+03   6.5211640e-01  -8.6500540e-01
   3.5481305e+03   6.4895880e-01  -8.7957520e-01
   3.5892159e+03   6.4562090e-01  -8.9424240e-01
   3.6307771e+03   6.4210040e-01  -9.0900720e-01
   3.6728195e+03   6.3767180e-01  -9.2919030e-01
   3.7153487e+03   6.3291080e-01  -9.4956530e-01
   3.7583705e+03   6.2781080e-01  -9.7012990e-01
   3.8018903e+03   6.2236480e-01  -9.9088180e-01
   3.8459142e+03   6.1656630e-01  -1.0118190e+00
   3.8904477e+03   6.1040810e-01  -1.0329390e+00
   3.9354970e+03   6.0388310e-01  -1.0542390e+00
   3.9810679e+03   5.9698430e-01  -1.0757150e+00
   4.0271665e+03   5.8834800e-01  -1.1015880e+00
   4.0737989e+03   5.7915960e-01  -1.1277070e+00
   4.1209713e+03   5.6940640e-01  -1.1540670e+00
   4.1686899e+03   5.5907640e-01  -1.1806620e+00
   4.2169610e+03   5.4815710e-01  -1.2074880e+00
   4.2657911e+03   5.3663570e-01  -1.2345360e+00
   4.3151867e+03   5.2449980e-01  -1.2618020e+00
   4.3651542e+03   5.1173650e-01  -1.2892770e+00
   4.4157003e+03   4.9272790e-01  -1.3265260e+00
   4.4668317e+03   4.7249730e-01  -1.3640870e+00
   4.5185551e+03   4.5101340e-01  -1.4019370e+00
   4.5708775e+03   4.2824480e-01  -1.4400530e+00
   4.6238058e+03   4.0415980e-01  -1.4784130e+00
   4.6773470e+03   3.7872700e-01  -1.5169910e+00
   4.7315081e+03   3.5191430e-01  -1.5557610e+00
   4.7862964e+03   3.2369010e-01  -1.5946970e+00
   4.8417191e+03   2.8284960e-01  -1.6450840e+00
   4.8977835e+03   2.3942380e-01  -1.6954920e+00
   4.9544972e+03   1.9334660e-01  -1.7458420e+00
   5.0118676e+03   1.4455260e-01  -1.7960520e+00
   5.0699022e+03   9.2977240e-02  -1.8460340e+00
   5.1286089e+03   3.8556930e-02  -1.8956970e+00
   5.1879954e+03  -1.8770560e-02  -1.9449460e+00
   5.2480696e+03  -7.9065840e-02  -1.9936780e+00
   5.3088394e+03  -1.9067770e-01  -2.0582250e+00
   5.3703128e+03  -3.0966980e-01  -2.1189060e+00
   5.4324981e+03  -4.3608600e-01  -2.1751840e+00
   5.4954035e+03  -5.6994240e-01  -2.2265020e+00
   5.5590373e+03  -7.1122490e-01  -2.2722820e+00
   5.6234079e+03  -8.5988800e-01  -2.3119280e+00
   5.6885239e+03  -1.0158510e+00  -2.3448240e+00
   5.7543939e+03  -1.1790020e+00  -2.3703400e+00
   5.8210266e+03  -1.4250980e+00  -2.3273560e+00
   5.8884309e+03  -1.6739170e+00  -2.2609540e+00
   5.9566158e+03  -1.9234130e+00  -2.1702620e+00
   6.0255901e+03  -2.1714060e+00  -2.0545620e+00
   6.0953632e+03  -2.4155950e+00  -1.9133200e+00
   6.1659441e+03  -2.6535660e+00  -1.7461950e+00
   6.2373424e+03  -2.8828100e+00  -1.5530530e+00
   6.3095674e+03  -3.1007350e+00  -1.3339890e+00
   6.3826288e+03  -3.1762180e+00  -9.4751970e-01
   6.4565361e+03  -3.2057740e+00  -5.6199230e-01
   6.5312993e+03  -3.1906460e+00  -1.8262010e-01
   6.6069282e+03  -3.1326390e+00   1.8565470e-01
   6.6834328e+03  -3.0340800e+00   5.3821790e-01
   6.7608233e+03  -2.8977590e+00   8.7083420e-01
   6.8391100e+03  -2.7268850e+00   1.1796910e+00
   6.9183031e+03  -2.5250200e+00   1.4614350e+00
   6.9984133e+03  -2.2730480e+00   1.5728700e+00
   7.0794511e+03  -2.0265850e+00   1.6588770e+00
   7.1614273e+03  -1.7872650e+00   1.7212890e+00
   7.2443527e+03  -1.5564920e+00   1.7619650e+00
   7.3282383e+03  -1.3354490e+00   1.7827660e+00
   7.4130953e+03  -1.1251120e+00   1.7855390e+00
   7.4989349e+03  -9.2626150e-01   1.7721050e+00
   7.5857685e+03  -7.3949750e-01   1.7442420e+00
   7.6736076e+03  -6.2392250e-01   1.6775080e+00
   7.7624638e+03  -5.1767840e-01   1.6096230e+00
   7.8523489e+03  -4.2028900e-01   1.5410500e+00
   7.9432748e+03  -3.3128570e-01   1.4722030e+00
   8.0352536e+03  -2.5020840e-01   1.4034540e+00
   8.1282974e+03  -1.7660730e-01   1.3351310e+00
   8.2224187e+03  -1.1004370e-01   1.2675310e+00
   8.3176298e+03  -5.0091210e-02   1.2009070e+00
   8.4139434e+03  -1.2561810e-02   1.1420500e+00
   8.5113723e+03   2.1366580e-02   1.0850550e+00
   8.6099293e+03   5.1929110e-02   1.0299330e+00
   8.7096276e+03   7.9349440e-02   9.7668900e-01
   8.8104803e+03   1.0384020e-01   9.2531950e-01
   8.9125009e+03   1.2560300e-01   8.7581600e-01
   9.0157028e+03   1.4482960e-01   8.2816440e-01
   9.1200997e+03   1.6170160e-01   7.8234610e-01
   9.2257055e+03   1.7383800e-01   7.4320640e-01
   9.3325341e+03   1.8445890e-01   7.0552310e-01
   9.4405998e+03   1.9366870e-01   6.6926890e-01
   9.5499168e+03   2.0156600e-01   6.3441430e-01
   9.6604996e+03   2.0824450e-01   6.0092890e-01
   9.7723629e+03   2.1379290e-01   5.6878150e-01
   9.8855215e+03   2.1829510e-01   5.3794010e-01
   9.9999905e+03   2.2183050e-01   5.0837220e-01
   1.0115785e+04   2.2476880e-01   4.8316000e-01
   1.0232920e+04   2.2701020e-01   4.5887690e-01
   1.0351412e+04   2.2860360e-01   4.3550240e-01
   1.0471275e+04   2.2959560e-01   4.1301530e-01
   1.0592527e+04   2.3003040e-01   3.9139470e-01
   1.0715183e+04   2.2994990e-01   3.7061910e-01
   1.0839259e+04   2.2939410e-01   3.5066680e-01
   1.0964772e+04   2.2840050e-01   3.3151640e-01
   1.1091738e+04   2.2708710e-01   3.1416530e-01
   1.1220174e+04   2.2544500e-01   2.9749070e-01
   1.1350097e+04   2.2350130e-01   2.8147440e-01
   1.1481525e+04   2.2128160e-01   2.6609870e-01
   1.1614475e+04   2.1881010e-01   2.5134530e-01
   1.1748964e+04   2.1610980e-01   2.3719680e-01
   1.1885011e+04   2.1320240e-01   2.2363530e-01
   1.2022633e+04   2.1010830e-01   2.1064360e-01
   1.2161848e+04   2.0661830e-01   1.9830410e-01
   1.2302676e+04   2.0300080e-01   1.8650240e-01
   1.2445134e+04   1.9927190e-01   1.7522090e-01
   1.2589242e+04   1.9544660e-01   1.6444240e-01
   1.2735019e+04   1.9153910e-01   1.5414990e-01
   1.2882483e+04   1.8756280e-01   1.4432700e-01
   1.3031655e+04   1.8353000e-01   1.3495730e-01
   1.3182555e+04   1.7945250e-01   1.2602500e-01
   1.3335202e+04   1.7557170e-01   1.1830600e-01
   1.3489616e+04   1.7168170e-01   1.1092720e-01
   1.3645818e+04   1.6778920e-01   1.0387710e-01
   1.3803829e+04   1.6390050e-01   9.7144260e-02
   1.3963670e+04   1.6002130e-01   9.0717600e-02
   1.4125362e+04   1.5615690e-01   8.4586340e-02
   1.4288926e+04   1.5231250e-01   7.8739900e-02
   1.4454384e+04   1.4849260e-01   7.3168260e-02
   1.4621758e+04   1.4459850e-01   6.7019270e-02
   1.4791070e+04   1.4070960e-01   6.1190230e-02
   1.4962342e+04   1.3683300e-01   5.5669030e-02
   1.5135598e+04   1.3297530e-01   5.0443820e-02
   1.5310860e+04   1.2914250e-01   4.5503100e-02
   1.5488151e+04   1.2534030e-01   4.0835610e-02
   1.5667496e+04   1.2157380e-01   3.6430400e-02
   1.5848917e+04   1.1784770e-01   3.2276730e-02
   1.6032439e+04   1.1409650e-01   2.8954490e-02
   1.6218086e+04   1.1042320e-01   2.5822430e-02
   1.6405882e+04   1.0682830e-01   2.2872130e-02
   1.6595853e+04   1.0331230e-01   2.0095520e-02
   1.6788024e+04   9.9875260e-02   1.7484740e-02
   1.6982420e+04   9.6517400e-02   1.5032270e-02
   1.7179067e+04   9.3238670e-02   1.2730860e-02
   1.7377992e+04   9.0038760e-02   1.0573500e-02
   1.7579219e+04   8.7179850e-02   8.8035150e-03
   1.7782777e+04   8.4389190e-02   7.1379140e-03
   1.7988692e+04   8.1666100e-02   5.5721240e-03
   1.8196991e+04   7.9009940e-02   4.1017260e-03
   1.8407702e+04   7.6419880e-02   2.7224650e-03
   1.8620854e+04   7.3895200e-02   1.4302400e-03
   1.8836473e+04   7.1434990e-02   2.2109890e-04
   1.9054589e+04   6.9038470e-02  -9.0875930e-04
   1.9275231e+04   6.6480470e-02  -2.0482410e-03
   1.9498427e+04   6.3997310e-02  -3.1022970e-03
   1.9724209e+04   6.1587710e-02  -4.0753460e-03
   1.9952604e+04   5.9250320e-02  -4.9716210e-03
   2.0183644e+04   5.6983760e-02  -5.7951740e-03
   2.0417360e+04   5.4786700e-02  -6.5498920e-03
   2.0653782e+04   5.2657720e-02  -7.2394860e-03
   2.0892941e+04   5.0595470e-02  -7.8675130e-03
   2.1134870e+04   4.8333970e-02  -8.4214380e-03
   2.1379601e+04   4.6157730e-02  -8.9125880e-03
   2.1627165e+04   4.4064260e-02  -9.3450860e-03
   2.1877595e+04   4.2051130e-02  -9.7228420e-03
   2.2130926e+04   4.0115900e-02  -1.0049560e-02
   2.2387190e+04   3.8256210e-02  -1.0328740e-02
   2.2646421e+04   3.6469690e-02  -1.0563710e-02
   2.2908655e+04   3.4754050e-02  -1.0757570e-02
   2.3173924e+04   3.3654290e-02  -1.1586490e-02
   2.3442266e+04   3.2553440e-02  -1.2363290e-02
   2.3713714e+04   3.1453110e-02  -1.3089090e-02
   2.3988306e+04   3.0354870e-02  -1.3765050e-02
   2.4266078e+04   2.9260180e-02  -1.4392310e-02
   2.4547066e+04   2.8170460e-02  -1.4972070e-02
   2.4831307e+04   2.7087070e-02  -1.5505540e-02
   2.5118840e+04   2.6011260e-02  -1.5993930e-02
   2.5409703e+04   2.4954870e-02  -1.5029030e-02
   2.5703933e+04   2.3938610e-02  -1.4117820e-02
   2.6001571e+04   2.2961110e-02  -1.3257490e-02
   2.6302655e+04   2.2021020e-02  -1.2445360e-02
   2.6607225e+04   2.1117040e-02  -1.1678870e-02
   2.6915322e+04   2.0247940e-02  -1.0955610e-02
   2.7226987e+04   1.9412470e-02  -1.0273280e-02
   2.7542261e+04   1.8609450e-02  -9.6297130e-03
   2.7861185e+04   1.7660330e-02  -9.6638820e-03
   2.8183802e+04   1.6747920e-02  -9.6755720e-03
   2.8510155e+04   1.5871270e-02  -9.6664820e-03
   2.8840288e+04   1.5029440e-02  -9.6382330e-03
   2.9174242e+04   1.4221470e-02  -9.5923560e-03
   2.9512064e+04   1.3446410e-02  -9.5302970e-03
   2.9853798e+04   1.2703350e-02  -9.4534290e-03
   3.0199488e+04   1.1991340e-02  -9.3630650e-03
   3.0549182e+04   1.1916370e-02  -9.2476360e-03
   3.0902925e+04   1.1841710e-02  -9.1334190e-03
   3.1260764e+04   1.1767340e-02  -9.0203970e-03
   3.1622746e+04   1.1693280e-02  -8.9085640e-03
   3.1988921e+04   1.1619520e-02  -8.7979040e-03
   3.2359335e+04   1.1546070e-02  -8.6884070e-03
   3.2734038e+04   1.1472920e-02  -8.5800680e-03
   3.3113081e+04   1.1400080e-02  -8.4728650e-03
   3.3496512e+04   1.1380770e-02  -8.3782020e-03
   3.3884383e+04   1.1361130e-02  -8.2841050e-03
   3.4276746e+04   1.1341160e-02  -8.1905740e-03
   3.4673652e+04   1.1320870e-02  -8.0976060e-03
   3.5075154e+04   1.1300260e-02  -8.0052040e-03
   3.5481305e+04   1.1279340e-02  -7.9133600e-03
   3.5892159e+04   1.1258100e-02  -7.8220800e-03
   3.6307771e+04   1.1236560e-02  -7.7313620e-03
   3.6728195e+04   1.0052180e-02  -7.3774780e-03
   3.7153487e+04   8.9798030e-03  -7.0211340e-03
   3.7583705e+04   8.0098380e-03  -6.6656610e-03
   3.8018903e+04   7.1334210e-03  -6.3138330e-03
   3.8459142e+04   6.3423900e-03  -5.9679460e-03
   3.8904477e+04   5.6292110e-03  -5.6298590e-03
   3.9354970e+04   4.9869520e-03  -5.3010720e-03
   3.9810679e+04   4.4092410e-03  -4.9827560e-03
   4.0271665e+04   4.3154680e-03  -5.1731550e-03
   4.0737989e+04   4.2149400e-03  -5.3630890e-03
   4.1209713e+04   4.1075900e-03  -5.5523520e-03
   4.1686899e+04   3.9933560e-03  -5.7407330e-03
   4.2169610e+04   3.8721790e-03  -5.9280220e-03
   4.2657911e+04   3.7440080e-03  -6.1139980e-03
   4.3151867e+04   3.6087980e-03  -6.2984350e-03
   4.3651542e+04   3.4665070e-03  -6.4811080e-03
   4.4157003e+04   3.2126900e-03  -6.2539230e-03
   4.4668317e+04   2.9735310e-03  -6.0325980e-03
   4.5185551e+04   2.7482980e-03  -5.8171160e-03
   4.5708775e+04   2.5362940e-03  -5.6074420e-03
   4.6238058e+04   2.3368490e-03  -5.4035330e-03
   4.6773470e+04   2.1493250e-03  -5.2053380e-03
   4.7315081e+04   1.9731130e-03  -5.0127930e-03
   4.7862964e+04   1.8076300e-03  -4.8258370e-03
   4.8417191e+04   2.0933670e-03  -4.4703030e-03
   4.8977835e+04   2.3391340e-03  -4.1090740e-03
   4.9544972e+04   2.5463070e-03  -3.7454490e-03
   5.0118676e+04   2.7164420e-03  -3.3824740e-03
   5.0699022e+04   2.8512620e-03  -3.0229390e-03
   5.1286089e+04   2.9526250e-03  -2.6693750e-03
   5.1879954e+04   3.0224940e-03  -2.3240620e-03
   5.2480696e+04   3.0629200e-03  -1.9890250e-03
   5.3088394e+04   2.9266470e-03  -2.0366980e-03
   5.3703128e+04   2.7921800e-03  -2.0789560e-03
   5.4324981e+04   2.6596440e-03  -2.1159870e-03
   5.4954035e+04   2.5291540e-03  -2.1479790e-03
   5.5590373e+04   2.4008200e-03  -2.1751150e-03
   5.6234079e+04   2.2747410e-03  -2.1975830e-03
   5.6885239e+04   2.1510080e-03  -2.2155650e-03
   5.7543939e+04   2.0297050e-03  -2.2292410e-03
   5.8210266e+04   2.1389150e-03  -2.1121040e-03
   5.8884309e+04   2.2414500e-03  -1.9896930e-03
   5.9566158e+04   2.3370580e-03  -1.8623860e-03
   6.0255901e+04   2.4255100e-03  -1.7305690e-03
   6.0953632e+04   2.5066000e-03  -1.5946420e-03
   6.1659441e+04   2.5801420e-03  -1.4550120e-03
   6.2373424e+04   2.6459720e-03  -1.3120940e-03
   6.3095674e+04   2.7039480e-03  -1.1663130e-03
   6.3826288e+04   2.3811820e-03  -1.2002570e-03
   6.4565361e+04   2.0875930e-03  -1.2135120e-03
   6.5312993e+04   1.8214960e-03  -1.2096410e-03
   6.6069282e+04   1.5811740e-03  -1.1917730e-03
   6.6834328e+04   1.3649070e-03  -1.1626460e-03
   6.7608233e+04   1.1709910e-03  -1.1246400e-03
   6.8391100e+04   9.9775780e-04  -1.0798150e-03
   6.9183031e+04   8.4358910e-04  -1.0299420e-03
   6.9984133e+04   9.7839040e-04  -1.2580930e-03
   7.0794511e+04   1.1328090e-03  -1.5352080e-03
   7.1614273e+04   1.3092220e-03  -1.8715150e-03
   7.2443527e+04   1.5101670e-03  -2.2793230e-03
   7.3282383e+04   1.7383060e-03  -2.7734430e-03
   7.4130953e+04   1.9963770e-03  -3.3716740e-03
   7.4989349e+04   2.2871190e-03  -4.0954100e-03
   7.5857685e+04   2.6131700e-03  -4.9703390e-03
   7.6736076e+04   3.1596580e-03  -3.0899910e-03
   7.7624638e+04   3.1139430e-03  -1.5495660e-03
   7.8523489e+04   2.7069760e-03  -4.0700210e-04
   7.9432748e+04   2.1257370e-03   3.5019260e-04
   8.0352536e+04   1.5072310e-03   7.7661560e-04
   8.1282974e+04   9.4085130e-04   9.4630670e-04
   8.2224187e+04   4.7563000e-04   9.3634390e-04
   8.3176298e+04   1.2963680e-04   8.1631340e-04
   8.4139434e+04  -1.4156020e-04   9.2275410e-04
   8.5113723e+04  -4.6993480e-04   9.4389580e-04
   8.6099293e+04  -8.3045280e-04   8.5359640e-04
   8.7096276e+04  -1.1871850e-03   6.3235210e-04
   8.8104803e+04  -1.4947670e-03   2.7155040e-04
   8.9125009e+04  -1.7014340e-03  -2.2245600e-04
   9.0157028e+04  -1.7536920e-03  -8.2501480e-04
   9.1200997e+04  -1.6024800e-03  -1.4911900e-03
   9.2257055e+04  -2.0658540e-03  -8.6371360e-04
   9.3325341e+04  -2.2883880e-03  -9.7469150e-05
   9.4405998e+04  -2.2306560e-03   7.1667890e-04
   9.5499168e+04  -1.8869980e-03   1.4775700e-03
   9.6604996e+04  -1.2877920e-03   2.0861160e-03
   9.7723629e+04  -4.9727910e-04   2.4579810e-03
   9.8855215e+04   3.9303090e-04   2.5349700e-03
   9.9999905e+04   1.2747120e-03   2.2936360e-03
