   9.9999905e+00  -7.8292220e-01   3.9009260e-03
   1.0115785e+01  -7.8315700e-01   4.3746950e-03
   1.0232920e+01  -7.8339140e-01   4.8487490e-03
   1.0351412e+01  -7.8362550e-01   5.3230890e-03
   1.0471275e+01  -7.8385960e-01   5.7977130e-03
   1.0592527e+01  -7.8409330e-01   6.2726210e-03
   1.0715183e+01  -7.8432690e-01   6.7478150e-03
   1.0839259e+01  -7.8456030e-01   7.2232940e-03
   1.0964772e+01  -7.8479400e-01   7.6991380e-03
   1.1091738e+01  -7.8411140e-01   7.2891130e-03
   1.1220174e+01  -7.8342900e-01   6.8797960e-03
   1.1350097e+01  -7.8274720e-01   6.4711900e-03
   1.1481525e+01  -7.8206580e-01   6.0632910e-03
   1.1614475e+01  -7.8138460e-01   5.6561000e-03
   1.1748964e+01  -7.8070390e-01   5.2496150e-03
   1.1885011e+01  -7.8002370e-01   4.8438360e-03
   1.2022633e+01  -7.7934280e-01   4.4385200e-03
   1.2161848e+01  -7.7976330e-01   4.6948300e-03
   1.2302676e+01  -7.8018420e-01   4.9514180e-03
   1.2445134e+01  -7.8060520e-01   5.2082810e-03
   1.2589242e+01  -7.8102630e-01   5.4654210e-03
   1.2735019e+01  -7.8144730e-01   5.7228380e-03
   1.2882483e+01  -7.8186860e-01   5.9805300e-03
   1.3031655e+01  -7.8229040e-01   6.2384990e-03
   1.3182555e+01  -7.8271360e-01   6.4968490e-03
   1.3335202e+01  -7.8223500e-01   6.4797750e-03
   1.3489616e+01  -7.8175700e-01   6.4627200e-03
   1.3645818e+01  -7.8127900e-01   6.4456830e-03
   1.3803829e+01  -7.8080170e-01   6.4286650e-03
   1.3963670e+01  -7.8032430e-01   6.4116630e-03
   1.4125362e+01  -7.7984750e-01   6.3946830e-03
   1.4288926e+01  -7.7937070e-01   6.3777200e-03
   1.4454384e+01  -7.7889360e-01   6.3609750e-03
   1.4621758e+01  -7.7839430e-01   6.0362830e-03
   1.4791070e+01  -7.7789560e-01   5.7120030e-03
   1.4962342e+01  -7.7739680e-01   5.3881400e-03
   1.5135598e+01  -7.7689830e-01   5.0646900e-03
   1.5310860e+01  -7.7640000e-01   4.7416550e-03
   1.5488151e+01  -7.7590170e-01   4.4190320e-03
   1.5667496e+01  -7.7540360e-01   4.0968200e-03
   1.5848917e+01  -7.7490610e-01   3.7747230e-03
   1.6032439e+01  -7.7564870e-01   3.9567100e-03
   1.6218086e+01  -7.7639210e-01   4.1390420e-03
   1.6405882e+01  -7.7713620e-01   4.3217210e-03
   1.6595853e+01  -7.7788100e-01   4.5047470e-03
   1.6788024e+01  -7.7862660e-01   4.6881190e-03
   1.6982420e+01  -7.7937260e-01   4.8718390e-03
   1.7179067e+01  -7.8011960e-01   5.0559050e-03
   1.7377992e+01  -7.8086750e-01   5.2404320e-03
   1.7579219e+01  -7.8091160e-01   5.6937360e-03
   1.7782777e+01  -7.8095570e-01   6.1470950e-03
   1.7988692e+01  -7.8099950e-01   6.6005040e-03
   1.8196991e+01  -7.8104290e-01   7.0539680e-03
   1.8407702e+01  -7.8108610e-01   7.5074830e-03
   1.8620854e+01  -7.8112930e-01   7.9610520e-03
   1.8836473e+01  -7.8117190e-01   8.4146730e-03
   1.9054589e+01  -7.8121480e-01   8.8683680e-03
   1.9275231e+01  -7.8127420e-01   8.7259650e-03
   1.9498427e+01  -7.8133360e-01   8.5835440e-03
   1.9724209e+01  -7.8139270e-01   8.4411040e-03
   1.9952604e+01  -7.8145210e-01   8.2986370e-03
   2.0183644e+01  -7.8151140e-01   8.1561520e-03
   2.0417360e+01  -7.8157060e-01   8.0136450e-03
   2.0653782e+01  -7.8162950e-01   7.8711160e-03
   2.0892941e+01  -7.8169000e-01   7.7284960e-03
   2.1134870e+01  -7.8123200e-01   7.9156510e-03
   2.1379601e+01  -7.8077420e-01   8.1025830e-03
   2.1627165e+01  -7.8031670e-01   8.2892910e-03
   2.1877595e+01  -7.7985920e-01   8.4757790e-03
   2.2130926e+01  -7.7940210e-01   8.6620470e-03
   2.2387190e+01  -7.7894530e-01   8.8480950e-03
   2.2646421e+01  -7.7848850e-01   9.0339200e-03
   2.2908655e+01  -7.7803240e-01   9.2197340e-03
   2.3173924e+01  -7.7821530e-01   8.7577090e-03
   2.3442266e+01  -7.7839770e-01   8.2954670e-03
   2.3713714e+01  -7.7858010e-01   7.8330100e-03
   2.3988306e+01  -7.7876200e-01   7.3703390e-03
   2.4266078e+01  -7.7894390e-01   6.9074570e-03
   2.4547066e+01  -7.7912560e-01   6.4443580e-03
   2.4831307e+01  -7.7930700e-01   5.9810480e-03
   2.5118840e+01  -7.7948920e-01   5.5176080e-03
   2.5409703e+01  -7.7902350e-01   5.5515090e-03
   2.5703933e+01  -7.7855840e-01   5.5853660e-03
   2.6001571e+01  -7.7809350e-01   5.6191800e-03
   2.6302655e+01  -7.7762860e-01   5.6529520e-03
   2.6607225e+01  -7.7716410e-01   5.6866830e-03
   2.6915322e+01  -7.7669970e-01   5.7203700e-03
   2.7226987e+01  -7.7623590e-01   5.7540150e-03
   2.7542261e+01  -7.7577530e-01   5.7875320e-03
   2.7861185e+01  -7.7661980e-01   6.1671850e-03
   2.8183802e+01  -7.7746500e-01   6.5476610e-03
   2.8510155e+01  -7.7831120e-01   6.9289550e-03
   2.8840288e+01  -7.7915780e-01   7.3110750e-03
   2.9174242e+01  -7.8000530e-01   7.6940200e-03
   2.9512064e+01  -7.8085360e-01   8.0777910e-03
   2.9853798e+01  -7.8170270e-01   8.4623900e-03
   3.0199488e+01  -7.8255260e-01   8.8477860e-03
   3.0549182e+01  -7.8241690e-01   9.2212990e-03
   3.0902925e+01  -7.8228080e-01   9.5946810e-03
   3.1260764e+01  -7.8214470e-01   9.9679400e-03
   3.1622746e+01  -7.8200850e-01   1.0341070e-02
   3.1988921e+01  -7.8187220e-01   1.0714070e-02
   3.2359335e+01  -7.8173530e-01   1.1086940e-02
   3.2734038e+01  -7.8159850e-01   1.1459690e-02
   3.3113081e+01  -7.8146330e-01   1.1832250e-02
   3.3496512e+01  -7.8160110e-01   1.1835450e-02
   3.3884383e+01  -7.8173910e-01   1.1838660e-02
   3.4276746e+01  -7.8187690e-01   1.1841870e-02
   3.4673652e+01  -7.8201500e-01   1.1845070e-02
   3.5075154e+01  -7.8215280e-01   1.1848280e-02
   3.5481305e+01  -7.8229080e-01   1.1851480e-02
   3.5892159e+01  -7.8242890e-01   1.1854690e-02
   3.6307771e+01  -7.8256670e-01   1.1858040e-02
   3.6728195e+01  -7.8119390e-01   1.1362520e-02
   3.7153487e+01  -7.7982300e-01   1.0868700e-02
   3.7583705e+01  -7.7845420e-01   1.0376580e-02
   3.8018903e+01  -7.7708760e-01   9.8861700e-03
   3.8459142e+01  -7.7572310e-01   9.3974420e-03
   3.8904477e+01  -7.7436060e-01   8.9104080e-03
   3.9354970e+01  -7.7299990e-01   8.4250630e-03
   3.9810679e+01  -7.7164160e-01   7.9414010e-03
   4.0271665e+01  -7.7222600e-01   8.6201930e-03
   4.0737989e+01  -7.7281040e-01   9.3000210e-03
   4.1209713e+01  -7.7339470e-01   9.9808740e-03
   4.1686899e+01  -7.7397860e-01   1.0662760e-02
   4.2169610e+01  -7.7456250e-01   1.1345680e-02
   4.2657911e+01  -7.7514640e-01   1.2029630e-02
   4.3151867e+01  -7.7572980e-01   1.2714620e-02
   4.3651542e+01  -7.7631270e-01   1.3400610e-02
   4.4157003e+01  -7.7681150e-01   1.3633670e-02
   4.4668317e+01  -7.7731100e-01   1.3867030e-02
   4.5185551e+01  -7.7781070e-01   1.4100680e-02
   4.5708775e+01  -7.7831070e-01   1.4334620e-02
   4.6238058e+01  -7.7881060e-01   1.4568870e-02
   4.6773470e+01  -7.7931110e-01   1.4803400e-02
   4.7315081e+01  -7.7981150e-01   1.5038250e-02
   4.7862964e+01  -7.8031270e-01   1.5273330e-02
   4.8417191e+01  -7.8057850e-01   1.5447950e-02
   4.8977835e+01  -7.8084440e-01   1.5622690e-02
   4.9544972e+01  -7.8111020e-01   1.5797550e-02
   5.0118676e+01  -7.8137600e-01   1.5972530e-02
   5.0699022e+01  -7.8164210e-01   1.6147620e-02
   5.1286089e+01  -7.8190820e-01   1.6322840e-02
   5.1879954e+01  -7.8217420e-01   1.6498170e-02
   5.2480696e+01  -7.8244180e-01   1.6673610e-02
   5.3088394e+01  -7.8238290e-01   1.6807180e-02
   5.3703128e+01  -7.8232370e-01   1.6940730e-02
   5.4324981e+01  -7.8226460e-01   1.7074270e-02
   5.4954035e+01  -7.8220550e-01   1.7207780e-02
   5.5590373e+01  -7.8214630e-01   1.7341270e-02
   5.6234079e+01  -7.8208720e-01   1.7474740e-02
   5.6885239e+01  -7.8202810e-01   1.7608210e-02
   5.7543939e+01  -7.8196940e-01   1.7741690e-02
   5.8210266e+01  -7.8138410e-01   1.7781010e-02
   5.8884309e+01  -7.8079910e-01   1.7820270e-02
   5.9566158e+01  -7.8021470e-01   1.7859460e-02
   6.0255901e+01  -7.7963030e-01   1.7898570e-02
   6.0953632e+01  -7.7904670e-01   1.7937620e-02
   6.1659441e+01  -7.7846330e-01   1.7976600e-02
   6.2373424e+01  -7.7788030e-01   1.8015520e-02
   6.3095674e+01  -7.7729880e-01   1.8054470e-02
   6.3826288e+01  -7.7735870e-01   1.8566240e-02
   6.4565361e+01  -7.7741830e-01   1.9078090e-02
   6.5312993e+01  -7.7747760e-01   1.9590040e-02
   6.6069282e+01  -7.7753630e-01   2.0102070e-02
   6.6834328e+01  -7.7759520e-01   2.0614180e-02
   6.7608233e+01  -7.7765310e-01   2.1126370e-02
   6.8391100e+01  -7.7771100e-01   2.1638660e-02
   6.9183031e+01  -7.7776920e-01   2.2151140e-02
   6.9984133e+01  -7.7836840e-01   2.2613690e-02
   7.0794511e+01  -7.7896770e-01   2.3076930e-02
   7.1614273e+01  -7.7956760e-01   2.3540900e-02
   7.2443527e+01  -7.8016750e-01   2.4005570e-02
   7.3282383e+01  -7.8076780e-01   2.4470940e-02
   7.4130953e+01  -7.8136790e-01   2.4937040e-02
   7.4989349e+01  -7.8196850e-01   2.5403830e-02
   7.5857685e+01  -7.8256950e-01   2.5871300e-02
   7.6736076e+01  -7.8183470e-01   2.5775120e-02
   7.7624638e+01  -7.8110070e-01   2.5679090e-02
   7.8523489e+01  -7.8036700e-01   2.5583220e-02
   7.9432748e+01  -7.7963440e-01   2.5487520e-02
   8.0352536e+01  -7.7890220e-01   2.5391960e-02
   8.1282974e+01  -7.7817070e-01   2.5296570e-02
   8.2224187e+01  -7.7744020e-01   2.5201320e-02
   8.3176298e+01  -7.7671260e-01   2.5106300e-02
   8.4139434e+01  -7.7732600e-01   2.5369490e-02
   8.5113723e+01  -7.7793990e-01   2.5633090e-02
   8.6099293e+01  -7.7855430e-01   2.5897090e-02
   8.7096276e+01  -7.7916900e-01   2.6161490e-02
   8.8104803e+01  -7.7978410e-01   2.6426290e-02
   8.9125009e+01  -7.8039940e-01   2.6691490e-02
   9.0157028e+01  -7.8101550e-01   2.6957100e-02
   9.1200997e+01  -7.8163330e-01   2.7223140e-02
   9.2257055e+01  -7.8133480e-01   2.7659810e-02
   9.3325341e+01  -7.8103630e-01   2.8096170e-02
   9.4405998e+01  -7.8073730e-01   2.8532190e-02
   9.5499168e+01  -7.8043860e-01   2.8967880e-02
   9.6604996e+01  -7.8013960e-01   2.9403250e-02
   9.7723629e+01  -7.7984040e-01   2.9838290e-02
   9.8855215e+01  -7.7954110e-01   3.0273000e-02
   9.9999905e+01  -7.7924170e-01   3.0707300e-02
   1.0115785e+02  -7.7933180e-01   3.0986740e-02
   1.0232920e+02  -7.7942190e-01   3.1266260e-02
   1.0351412e+02  -7.7951180e-01   3.1545840e-02
   1.0471275e+02  -7.7960190e-01   3.1825490e-02
   1.0592527e+02  -7.7969160e-01   3.2105200e-02
   1.0715183e+02  -7.7978150e-01   3.2384980e-02
   1.0839259e+02  -7.7987110e-01   3.2664840e-02
   1.0964772e+02  -7.7996170e-01   3.2944720e-02
   1.1091738e+02  -7.7963800e-01   3.3355330e-02
   1.1220174e+02  -7.7931420e-01   3.3765620e-02
   1.1350097e+02  -7.7899020e-01   3.4175550e-02
   1.1481525e+02  -7.7866610e-01   3.4585160e-02
   1.1614475e+02  -7.7834190e-01   3.4994430e-02
   1.1748964e+02  -7.7801740e-01   3.5403350e-02
   1.1885011e+02  -7.7769320e-01   3.5811950e-02
   1.2022633e+02  -7.7736890e-01   3.6220260e-02
   1.2161848e+02  -7.7815450e-01   3.6901870e-02
   1.2302676e+02  -7.7894030e-01   3.7584860e-02
   1.2445134e+02  -7.7972640e-01   3.8269210e-02
   1.2589242e+02  -7.8051270e-01   3.8954920e-02
   1.2735019e+02  -7.8129950e-01   3.9642000e-02
   1.2882483e+02  -7.8208630e-01   4.0330460e-02
   1.3031655e+02  -7.8287350e-01   4.1020280e-02
   1.3182555e+02  -7.8366180e-01   4.1711560e-02
   1.3335202e+02  -7.8290210e-01   4.2190840e-02
   1.3489616e+02  -7.8214300e-01   4.2669150e-02
   1.3645818e+02  -7.8138440e-01   4.3146530e-02
   1.3803829e+02  -7.8062590e-01   4.3622950e-02
   1.3963670e+02  -7.7986780e-01   4.4098430e-02
   1.4125362e+02  -7.7911030e-01   4.4572940e-02
   1.4288926e+02  -7.7835310e-01   4.5046530e-02
   1.4454384e+02  -7.7759640e-01   4.5519270e-02
   1.4621758e+02  -7.7827180e-01   4.5889430e-02
   1.4791070e+02  -7.7894750e-01   4.6260220e-02
   1.4962342e+02  -7.7962390e-01   4.6631630e-02
   1.5135598e+02  -7.8030050e-01   4.7003650e-02
   1.5310860e+02  -7.8097760e-01   4.7376300e-02
   1.5488151e+02  -7.8165500e-01   4.7749540e-02
   1.5667496e+02  -7.8233300e-01   4.8123410e-02
   1.5848917e+02  -7.8301160e-01   4.8497950e-02
   1.6032439e+02  -7.8229800e-01   4.8999700e-02
   1.6218086e+02  -7.8158460e-01   4.9500520e-02
   1.6405882e+02  -7.8087180e-01   5.0000410e-02
   1.6595853e+02  -7.8015910e-01   5.0499360e-02
   1.6788024e+02  -7.7944670e-01   5.0997380e-02
   1.6982420e+02  -7.7873460e-01   5.1494490e-02
   1.7179067e+02  -7.7802290e-01   5.1990670e-02
   1.7377992e+02  -7.7731170e-01   5.2485890e-02
   1.7579219e+02  -7.7695980e-01   5.3262230e-02
   1.7782777e+02  -7.7660720e-01   5.4037890e-02
   1.7988692e+02  -7.7625410e-01   5.4812920e-02
   1.8196991e+02  -7.7590030e-01   5.5587250e-02
   1.8407702e+02  -7.7554570e-01   5.6360970e-02
   1.8620854e+02  -7.7519070e-01   5.7134010e-02
   1.8836473e+02  -7.7483500e-01   5.7906400e-02
   1.9054589e+02  -7.7447880e-01   5.8678100e-02
   1.9275231e+02  -7.7524800e-01   5.9076410e-02
   1.9498427e+02  -7.7601810e-01   5.9475440e-02
   1.9724209e+02  -7.7678890e-01   5.9875260e-02
   1.9952604e+02  -7.7756010e-01   6.0275800e-02
   2.0183644e+02  -7.7833190e-01   6.0677100e-02
   2.0417360e+02  -7.7910460e-01   6.1079150e-02
   2.0653782e+02  -7.7987780e-01   6.1481950e-02
   2.0892941e+02  -7.8065170e-01   6.1885630e-02
   2.1134870e+02  -7.7980890e-01   6.2711820e-02
   2.1379601e+02  -7.7896580e-01   6.3536150e-02
   2.1627165e+02  -7.7812300e-01   6.4358790e-02
   2.1877595e+02  -7.7728000e-01   6.5179600e-02
   2.2130926e+02  -7.7643670e-01   6.5998690e-02
   2.2387190e+02  -7.7559340e-01   6.6815990e-02
   2.2646421e+02  -7.7475010e-01   6.7631500e-02
   2.2908655e+02  -7.7390590e-01   6.8445100e-02
   2.3173924e+02  -7.7468070e-01   6.8771880e-02
   2.3442266e+02  -7.7545610e-01   6.9099290e-02
   2.3713714e+02  -7.7623240e-01   6.9427270e-02
   2.3988306e+02  -7.7700910e-01   6.9755870e-02
   2.4266078e+02  -7.7778660e-01   7.0085030e-02
   2.4547066e+02  -7.7856510e-01   7.0414800e-02
   2.4831307e+02  -7.7934400e-01   7.0745190e-02
   2.5118840e+02  -7.8012360e-01   7.1076080e-02
   2.5409703e+02  -7.7920050e-01   7.2648900e-02
   2.5703933e+02  -7.7827540e-01   7.4218170e-02
   2.6001571e+02  -7.7734770e-01   7.5783950e-02
   2.6302655e+02  -7.7641760e-01   7.7346250e-02
   2.6607225e+02  -7.7548520e-01   7.8905030e-02
   2.6915322e+02  -7.7455060e-01   8.0460300e-02
   2.7226987e+02  -7.7361360e-01   8.2012010e-02
   2.7542261e+02  -7.7267610e-01   8.3560360e-02
   2.7861185e+02  -7.7274550e-01   8.4302230e-02
   2.8183802e+02  -7.7281420e-01   8.5044340e-02
   2.8510155e+02  -7.7288240e-01   8.5786630e-02
   2.8840288e+02  -7.7294980e-01   8.6529120e-02
   2.9174242e+02  -7.7301660e-01   8.7271850e-02
   2.9512064e+02  -7.7308290e-01   8.8014770e-02
   2.9853798e+02  -7.7314820e-01   8.8757890e-02
   3.0199488e+02  -7.7321260e-01   8.9501490e-02
   3.0549182e+02  -7.7283780e-01   9.0696200e-02
   3.0902925e+02  -7.7246080e-01   9.1889960e-02
   3.1260764e+02  -7.7208200e-01   9.3082770e-02
   3.1622746e+02  -7.7170150e-01   9.4274630e-02
   3.1988921e+02  -7.7131950e-01   9.5465530e-02
   3.2359335e+02  -7.7093540e-01   9.6655440e-02
   3.2734038e+02  -7.7054970e-01   9.7844410e-02
   3.3113081e+02  -7.7016150e-01   9.9032330e-02
   3.3496512e+02  -7.6976570e-01   1.0041550e-01
   3.3884383e+02  -7.6936740e-01   1.0179740e-01
   3.4276746e+02  -7.6896630e-01   1.0317830e-01
   3.4673652e+02  -7.6856320e-01   1.0455810e-01
   3.5075154e+02  -7.6815760e-01   1.0593670e-01
   3.5481305e+02  -7.6774970e-01   1.0731420e-01
   3.5892159e+02  -7.6733940e-01   1.0869060e-01
   3.6307771e+02  -7.6692640e-01   1.1006580e-01
   3.6728195e+02  -7.6693290e-01   1.1071190e-01
   3.7153487e+02  -7.6693860e-01   1.1135810e-01
   3.7583705e+02  -7.6694410e-01   1.1200440e-01
   3.8018903e+02  -7.6694910e-01   1.1265090e-01
   3.8459142e+02  -7.6695310e-01   1.1329740e-01
   3.8904477e+02  -7.6695700e-01   1.1394390e-01
   3.9354970e+02  -7.6696000e-01   1.1459060e-01
   3.9810679e+02  -7.6696270e-01   1.1523690e-01
   4.0271665e+02  -7.6593100e-01   1.1812830e-01
   4.0737989e+02  -7.6488870e-01   1.2101340e-01
   4.1209713e+02  -7.6383630e-01   1.2389230e-01
   4.1686899e+02  -7.6277340e-01   1.2676490e-01
   4.2169610e+02  -7.6169980e-01   1.2963120e-01
   4.2657911e+02  -7.6061600e-01   1.3249110e-01
   4.3151867e+02  -7.5952230e-01   1.3534470e-01
   4.3651542e+02  -7.5841920e-01   1.3819230e-01
   4.4157003e+02  -7.5830710e-01   1.3955630e-01
   4.4668317e+02  -7.5819240e-01   1.4092030e-01
   4.5185551e+02  -7.5807560e-01   1.4228440e-01
   4.5708775e+02  -7.5795620e-01   1.4364840e-01
   4.6238058e+02  -7.5783430e-01   1.4501260e-01
   4.6773470e+02  -7.5771010e-01   1.4637670e-01
   4.7315081e+02  -7.5758350e-01   1.4774090e-01
   4.7862964e+02  -7.5745360e-01   1.4910490e-01
   4.8417191e+02  -7.5690950e-01   1.5010000e-01
   4.8977835e+02  -7.5636400e-01   1.5109400e-01
   4.9544972e+02  -7.5581780e-01   1.5208690e-01
   5.0118676e+02  -7.5527040e-01   1.5307850e-01
   5.0699022e+02  -7.5472180e-01   1.5406890e-01
   5.1286089e+02  -7.5417180e-01   1.5505800e-01
   5.1879954e+02  -7.5362100e-01   1.5604600e-01
   5.2480696e+02  -7.5306950e-01   1.5703290e-01
   5.3088394e+02  -7.5226370e-01   1.5813580e-01
   5.3703128e+02  -7.5145640e-01   1.5923660e-01
   5.4324981e+02  -7.5064790e-01   1.6033530e-01
   5.4954035e+02  -7.4983850e-01   1.6143200e-01
   5.5590373e+02  -7.4902790e-01   1.6252650e-01
   5.6234079e+02  -7.4821610e-01   1.6361880e-01
   5.6885239e+02  -7.4740280e-01   1.6470910e-01
   5.7543939e+02  -7.4658890e-01   1.6579740e-01
   5.8210266e+02  -7.4638430e-01   1.6884940e-01
   5.8884309e+02  -7.4616760e-01   1.7190230e-01
   5.9566158e+02  -7.4593870e-01   1.7495630e-01
   6.0255901e+02  -7.4569740e-01   1.7801120e-01
   6.0953632e+02  -7.4544400e-01   1.8106700e-01
   6.1659441e+02  -7.4517830e-01   1.8412370e-01
   6.2373424e+02  -7.4490040e-01   1.8718110e-01
   6.3095674e+02  -7.4461000e-01   1.9023910e-01
   6.3826288e+02  -7.4340020e-01   1.9195610e-01
   6.4565361e+02  -7.4218720e-01   1.9366840e-01
   6.5312993e+02  -7.4097070e-01   1.9537590e-01
   6.6069282e+02  -7.3975120e-01   1.9707860e-01
   6.6834328e+02  -7.3852860e-01   1.9877660e-01
   6.7608233e+02  -7.3730290e-01   2.0046980e-01
   6.8391100e+02  -7.3607390e-01   2.0215820e-01
   6.9183031e+02  -7.3484120e-01   2.0384160e-01
   6.9984133e+02  -7.3362010e-01   2.0615120e-01
   7.0794511e+02  -7.3239220e-01   2.0845490e-01
   7.1614273e+02  -7.3115740e-01   2.1075290e-01
   7.2443527e+02  -7.2991600e-01   2.1304500e-01
   7.3282383e+02  -7.2866760e-01   2.1533130e-01
   7.4130953e+02  -7.2741260e-01   2.1761180e-01
   7.4989349e+02  -7.2615090e-01   2.1988640e-01
   7.5857685e+02  -7.2488300e-01   2.2215520e-01
   7.6736076e+02  -7.2408830e-01   2.2485580e-01
   7.7624638e+02  -7.2328370e-01   2.2755360e-01
   7.8523489e+02  -7.2246880e-01   2.3024840e-01
   7.9432748e+02  -7.2164410e-01   2.3294030e-01
   8.0352536e+02  -7.2080940e-01   2.3562930e-01
   8.1282974e+02  -7.1996440e-01   2.3831540e-01
   8.2224187e+02  -7.1910970e-01   2.4099840e-01
   8.3176298e+02  -7.1824490e-01   2.4367820e-01
   8.4139434e+02  -7.1727530e-01   2.4627530e-01
   8.5113723e+02  -7.1629630e-01   2.4886850e-01
   8.6099293e+02  -7.1530830e-01   2.5145790e-01
   8.7096276e+02  -7.1431060e-01   2.5404330e-01
   8.8104803e+02  -7.1330370e-01   2.5662490e-01
   8.9125009e+02  -7.1228760e-01   2.5920240e-01
   9.0157028e+02  -7.1126210e-01   2.6177600e-01
   9.1200997e+02  -7.1022760e-01   2.6434580e-01
   9.2257055e+02  -7.0822020e-01   2.6761620e-01
   9.3325341e+02  -7.0619810e-01   2.7087320e-01
   9.4405998e+02  -7.0416200e-01   2.7411720e-01
   9.5499168e+02  -7.0211190e-01   2.7734790e-01
   9.6604996e+02  -7.0004760e-01   2.8056510e-01
   9.7723629e+02  -6.9796930e-01   2.8376900e-01
   9.8855215e+02  -6.9587720e-01   2.8695940e-01
   9.9999905e+02  -6.9377240e-01   2.9013690e-01
   1.0115785e+03  -6.9201630e-01   2.9344680e-01
   1.0232920e+03  -6.9024430e-01   2.9674640e-01
   1.0351412e+03  -6.8845690e-01   3.0003580e-01
   1.0471275e+03  -6.8665370e-01   3.0331490e-01
   1.0592527e+03  -6.8483560e-01   3.0658350e-01
   1.0715183e+03  -6.8300170e-01   3.0984150e-01
   1.0839259e+03  -6.8115270e-01   3.1308900e-01
   1.0964772e+03  -6.7928810e-01   3.1632570e-01
   1.1091738e+03  -6.7721660e-01   3.1892650e-01
   1.1220174e+03  -6.7513640e-01   3.2151560e-01
   1.1350097e+03  -6.7304720e-01   3.2409300e-01
   1.1481525e+03  -6.7094890e-01   3.2665890e-01
   1.1614475e+03  -6.6884170e-01   3.2921300e-01
   1.1748964e+03  -6.6672580e-01   3.3175530e-01
   1.1885011e+03  -6.6460100e-01   3.3428590e-01
   1.2022633e+03  -6.6246760e-01   3.3680440e-01
   1.2161848e+03  -6.6052950e-01   3.4030430e-01
   1.2302676e+03  -6.5857280e-01   3.4379310e-01
   1.2445134e+03  -6.5659800e-01   3.4727080e-01
   1.2589242e+03  -6.5460480e-01   3.5073720e-01
   1.2735019e+03  -6.5259330e-01   3.5419220e-01
   1.2882483e+03  -6.5056360e-01   3.5763560e-01
   1.3031655e+03  -6.4851560e-01   3.6106750e-01
   1.3182555e+03  -6.4644990e-01   3.6448760e-01
   1.3335202e+03  -6.4215460e-01   3.6704920e-01
   1.3489616e+03  -6.3785880e-01   3.6957690e-01
   1.3645818e+03  -6.3356250e-01   3.7207110e-01
   1.3803829e+03  -6.2926590e-01   3.7453170e-01
   1.3963670e+03  -6.2496940e-01   3.7695910e-01
   1.4125362e+03  -6.2067310e-01   3.7935310e-01
   1.4288926e+03  -6.1637730e-01   3.8171400e-01
   1.4454384e+03  -6.1208170e-01   3.8404200e-01
   1.4621758e+03  -6.0911450e-01   3.8741320e-01
   1.4791070e+03  -6.0612980e-01   3.9076270e-01
   1.4962342e+03  -6.0312740e-01   3.9409060e-01
   1.5135598e+03  -6.0010760e-01   3.9739690e-01
   1.5310860e+03  -5.9707060e-01   4.0068120e-01
   1.5488151e+03  -5.9401670e-01   4.0394360e-01
   1.5667496e+03  -5.9094560e-01   4.0718410e-01
   1.5848917e+03  -5.8785830e-01   4.1040280e-01
   1.6032439e+03  -5.8386790e-01   4.1397900e-01
   1.6218086e+03  -5.7985870e-01   4.1751990e-01
   1.6405882e+03  -5.7583010e-01   4.2102560e-01
   1.6595853e+03  -5.7178320e-01   4.2449600e-01
   1.6788024e+03  -5.6771770e-01   4.2793100e-01
   1.6982420e+03  -5.6363430e-01   4.3133040e-01
   1.7179067e+03  -5.5953320e-01   4.3469450e-01
   1.7377992e+03  -5.5541480e-01   4.3802340e-01
   1.7579219e+03  -5.5111110e-01   4.4086960e-01
   1.7782777e+03  -5.4679770e-01   4.4367970e-01
   1.7988692e+03  -5.4247440e-01   4.4645340e-01
   1.8196991e+03  -5.3814190e-01   4.4919080e-01
   1.8407702e+03  -5.3380030e-01   4.5189180e-01
   1.8620854e+03  -5.2945010e-01   4.5455680e-01
   1.8836473e+03  -5.2509130e-01   4.5718530e-01
   1.9054589e+03  -5.2072420e-01   4.5977770e-01
   1.9275231e+03  -5.1570640e-01   4.6226970e-01
   1.9498427e+03  -5.1068510e-01   4.6471660e-01
   1.9724209e+03  -5.0566070e-01   4.6711860e-01
   1.9952604e+03  -5.0063360e-01   4.6947570e-01
   2.0183644e+03  -4.9560420e-01   4.7178810e-01
   2.0417360e+03  -4.9057290e-01   4.7405580e-01
   2.0653782e+03  -4.8553970e-01   4.7627920e-01
   2.0892941e+03  -4.8050540e-01   4.7845810e-01
   2.1134870e+03  -4.7521410e-01   4.8137370e-01
   2.1379601e+03  -4.6991100e-01   4.8423670e-01
   2.1627165e+03  -4.6459680e-01   4.8704710e-01
   2.1877595e+03  -4.5927170e-01   4.8980500e-01
   2.2130926e+03  -4.5393640e-01   4.9251070e-01
   2.2387190e+03  -4.4859120e-01   4.9516390e-01
   2.2646421e+03  -4.4323660e-01   4.9776480e-01
   2.2908655e+03  -4.3787340e-01   5.0031340e-01
   2.3173924e+03  -4.3168040e-01   5.0300850e-01
   2.3442266e+03  -4.2548030e-01   5.0563540e-01
   2.3713714e+03  -4.1927400e-01   5.0819410e-01
   2.3988306e+03  -4.1306220e-01   5.1068480e-01
   2.4266078e+03  -4.0684520e-01   5.1310790e-01
   2.4547066e+03  -4.0062400e-01   5.1546320e-01
   2.4831307e+03  -3.9439920e-01   5.1775110e-01
   2.5118840e+03  -3.8817130e-01   5.1997200e-01
   2.5409703e+03  -3.8181970e-01   5.2135760e-01
   2.5703933e+03  -3.7548180e-01   5.2267960e-01
   2.6001571e+03  -3.6915810e-01   5.2393880e-01
   2.6302655e+03  -3.6284920e-01   5.2513470e-01
   2.6607225e+03  -3.5655540e-01   5.2626810e-01
   2.6915322e+03  -3.5027740e-01   5.2733950e-01
   2.7226987e+03  -3.4401570e-01   5.2834920e-01
   2.7542261e+03  -3.3777050e-01   5.2929740e-01
   2.7861185e+03  -3.3087390e-01   5.2999050e-01
   2.8183802e+03  -3.2400490e-01   5.3061210e-01
   2.8510155e+03  -3.1716390e-01   5.3116280e-01
   2.8840288e+03  -3.1035160e-01   5.3164370e-01
   2.9174242e+03  -3.0356840e-01   5.3205480e-01
   2.9512064e+03  -2.9681500e-01   5.3239710e-01
   2.9853798e+03  -2.9009180e-01   5.3267130e-01
   3.0199488e+03  -2.8339930e-01   5.3287760e-01
   3.0549182e+03  -2.7605680e-01   5.3326950e-01
   3.0902925e+03  -2.6874770e-01   5.3357850e-01
   3.1260764e+03  -2.6147290e-01   5.3380500e-01
   3.1622746e+03  -2.5423280e-01   5.3395000e-01
   3.1988921e+03  -2.4702840e-01   5.3401430e-01
   3.2359335e+03  -2.3986030e-01   5.3399860e-01
   3.2734038e+03  -2.3272920e-01   5.3390390e-01
   3.3113081e+03  -2.2563620e-01   5.3373130e-01
   3.3496512e+03  -2.1807770e-01   5.3338700e-01
   3.3884383e+03  -2.1056580e-01   5.3295580e-01
   3.4276746e+03  -2.0310120e-01   5.3243810e-01
   3.4673652e+03  -1.9568470e-01   5.3183540e-01
   3.5075154e+03  -1.8831700e-01   5.3114880e-01
   3.5481305e+03  -1.8099900e-01   5.3037940e-01
   3.5892159e+03  -1.7373110e-01   5.2952800e-01
   3.6307771e+03  -1.6651400e-01   5.2859530e-01
   3.6728195e+03  -1.5892680e-01   5.2624830e-01
   3.7153487e+03  -1.5142930e-01   5.2383080e-01
   3.7583705e+03  -1.4402120e-01   5.2134480e-01
   3.8018903e+03  -1.3670290e-01   5.1879180e-01
   3.8459142e+03  -1.2947440e-01   5.1617320e-01
   3.8904477e+03  -1.2233560e-01   5.1349100e-01
   3.9354970e+03  -1.1528670e-01   5.1074640e-01
   3.9810679e+03  -1.0832750e-01   5.0794060e-01
   4.0271665e+03  -1.0155810e-01   5.0576310e-01
   4.0737989e+03  -9.4860720e-02   5.0351990e-01
   4.1209713e+03  -8.8235660e-02   5.0121240e-01
   4.1686899e+03  -8.1683170e-02   4.9884220e-01
   4.2169610e+03  -7.5203520e-02   4.9641030e-01
   4.2657911e+03  -6.8796920e-02   4.9391800e-01
   4.3151867e+03  -6.2463600e-02   4.9136660e-01
   4.3651542e+03  -5.6203880e-02   4.8875770e-01
   4.4157003e+03  -4.8960080e-02   4.8589380e-01
   4.4668317e+03  -4.1810360e-02   4.8295000e-01
   4.5185551e+03  -3.4755090e-02   4.7992830e-01
   4.5708775e+03  -2.7794690e-02   4.7683090e-01
   4.6238058e+03  -2.0929500e-02   4.7365920e-01
   4.6773470e+03  -1.4159850e-02   4.7041540e-01
   4.7315081e+03  -7.4860220e-03   4.6710130e-01
   4.7862964e+03  -9.0830810e-04   4.6371870e-01
   4.8417191e+03   5.8631550e-03   4.5968800e-01
   4.8977835e+03   1.2516780e-02   4.5559390e-01
   4.9544972e+03   1.9052670e-02   4.5143820e-01
   5.0118676e+03   2.5470950e-02   4.4722370e-01
   5.0699022e+03   3.1771790e-02   4.4295220e-01
   5.1286089e+03   3.7955380e-02   4.3862610e-01
   5.1879954e+03   4.4021960e-02   4.3424740e-01
   5.2480696e+03   4.9971710e-02   4.2981860e-01
   5.3088394e+03   5.5786510e-02   4.2464480e-01
   5.3703128e+03   6.1465080e-02   4.1943890e-01
   5.4324981e+03   6.7008330e-02   4.1420300e-01
   5.4954035e+03   7.2417240e-02   4.0893950e-01
   5.5590373e+03   7.7692760e-02   4.0365060e-01
   5.6234079e+03   8.2835930e-02   3.9833870e-01
   5.6885239e+03   8.7847750e-02   3.9300590e-01
   5.7543939e+03   9.2729370e-02   3.8765470e-01
   5.8210266e+03   9.7367030e-02   3.8198420e-01
   5.8884309e+03   1.0187010e-01   3.7630870e-01
   5.9566158e+03   1.0624010e-01   3.7063070e-01
   6.0255901e+03   1.1047840e-01   3.6495180e-01
   6.0953632e+03   1.1458640e-01   3.5927420e-01
   6.1659441e+03   1.1856570e-01   3.5359970e-01
   6.2373424e+03   1.2241780e-01   3.4793010e-01
   6.3095674e+03   1.2614390e-01   3.4226720e-01
   6.3826288e+03   1.2948400e-01   3.3603130e-01
   6.4565361e+03   1.3269070e-01   3.2982700e-01
   6.5312993e+03   1.3576610e-01   3.2365630e-01
   6.6069282e+03   1.3871240e-01   3.1752020e-01
   6.6834328e+03   1.4153180e-01   3.1142050e-01
   6.7608233e+03   1.4422650e-01   3.0535850e-01
   6.8391100e+03   1.4679850e-01   2.9933530e-01
   6.9183031e+03   1.4924980e-01   2.9335220e-01
   6.9984133e+03   1.5249050e-01   2.8683760e-01
   7.0794511e+03   1.5557270e-01   2.8035130e-01
   7.1614273e+03   1.5849920e-01   2.7389580e-01
   7.2443527e+03   1.6127260e-01   2.6747340e-01
   7.3282383e+03   1.6389540e-01   2.6108630e-01
   7.4130953e+03   1.6637030e-01   2.5473680e-01
   7.4989349e+03   1.6869990e-01   2.4842720e-01
   7.5857685e+03   1.7088680e-01   2.4215950e-01
   7.6736076e+03   1.7238750e-01   2.3593910e-01
   7.7624638e+03   1.7376570e-01   2.2978280e-01
   7.8523489e+03   1.7502440e-01   2.2369180e-01
   7.9432748e+03   1.7616630e-01   2.1766700e-01
   8.0352536e+03   1.7719400e-01   2.1170940e-01
   8.1282974e+03   1.7811050e-01   2.0581990e-01
   8.2224187e+03   1.7891820e-01   1.9999920e-01
   8.3176298e+03   1.7961980e-01   1.9424830e-01
   8.4139434e+03   1.7986040e-01   1.8790330e-01
   8.5113723e+03   1.7998940e-01   1.8166210e-01
   8.6099293e+03   1.8001030e-01   1.7552460e-01
   8.7096276e+03   1.7992690e-01   1.6949110e-01
   8.8104803e+03   1.7974270e-01   1.6356160e-01
   8.9125009e+03   1.7946110e-01   1.5773590e-01
   9.0157028e+03   1.7908550e-01   1.5201390e-01
   9.1200997e+03   1.7861930e-01   1.4639550e-01
   9.2257055e+03   1.7805400e-01   1.4064850e-01
   9.3325341e+03   1.7739700e-01   1.3501290e-01
   9.4405998e+03   1.7665190e-01   1.2948850e-01
   9.5499168e+03   1.7582220e-01   1.2407500e-01
   9.6604996e+03   1.7491130e-01   1.1877170e-01
   9.7723629e+03   1.7392270e-01   1.1357830e-01
   9.8855215e+03   1.7285960e-01   1.0849410e-01
   9.9999905e+03   1.7172560e-01   1.0351870e-01
   1.0115785e+04   1.7023460e-01   9.8529680e-02
   1.0232920e+04   1.6868500e-01   9.3662570e-02
   1.0351412e+04   1.6708030e-01   8.8916080e-02
   1.0471275e+04   1.6542340e-01   8.4288790e-02
   1.0592527e+04   1.6371750e-01   7.9779370e-02
   1.0715183e+04   1.6196560e-01   7.5386360e-02
   1.0839259e+04   1.6017060e-01   7.1108390e-02
   1.0964772e+04   1.5833520e-01   6.6943930e-02
   1.1091738e+04   1.5645270e-01   6.2509610e-02
   1.1220174e+04   1.5452160e-01   5.8201260e-02
   1.1350097e+04   1.5254530e-01   5.4017300e-02
   1.1481525e+04   1.5052730e-01   4.9956080e-02
   1.1614475e+04   1.4847070e-01   4.6015940e-02
   1.1748964e+04   1.4637880e-01   4.2195250e-02
   1.1885011e+04   1.4425440e-01   3.8492240e-02
   1.2022633e+04   1.4210070e-01   3.4905160e-02
   1.2161848e+04   1.3916950e-01   3.2138680e-02
   1.2302676e+04   1.3627100e-01   2.9478300e-02
   1.2445134e+04   1.3340580e-01   2.6921050e-02
   1.2589242e+04   1.3057460e-01   2.4464000e-02
   1.2735019e+04   1.2777780e-01   2.2104270e-02
   1.2882483e+04   1.2501590e-01   1.9839090e-02
   1.3031655e+04   1.2228960e-01   1.7665690e-02
   1.3182555e+04   1.1959900e-01   1.5581420e-02
   1.3335202e+04   1.1685140e-01   1.2606480e-02
   1.3489616e+04   1.1411060e-01   9.7673290e-03
   1.3645818e+04   1.1137940e-01   7.0603390e-03
   1.3803829e+04   1.0866030e-01   4.4818900e-03
   1.3963670e+04   1.0595590e-01   2.0284090e-03
   1.4125362e+04   1.0326830e-01  -3.0363990e-04
   1.4288926e+04   1.0059990e-01  -2.5177510e-03
   1.4454384e+04   9.7952620e-02  -4.6173810e-03
   1.4621758e+04   9.5456500e-02  -5.7790680e-03
   1.4791070e+04   9.3007340e-02  -6.8793340e-03
   1.4962342e+04   9.0604770e-02  -7.9203270e-03
   1.5135598e+04   8.8248360e-02  -8.9041200e-03
   1.5310860e+04   8.5937690e-02  -9.8327340e-03
   1.5488151e+04   8.3672390e-02  -1.0708150e-02
   1.5667496e+04   8.1452060e-02  -1.1532260e-02
   1.5848917e+04   7.9276220e-02  -1.2306960e-02
   1.6032439e+04   7.6697160e-02  -1.2589370e-02
   1.6218086e+04   7.4196260e-02  -1.2841270e-02
   1.6405882e+04   7.1771370e-02  -1.3064270e-02
   1.6595853e+04   6.9420290e-02  -1.3259910e-02
   1.6788024e+04   6.7140980e-02  -1.3429670e-02
   1.6982420e+04   6.4931410e-02  -1.3574960e-02
   1.7179067e+04   6.2789630e-02  -1.3697130e-02
   1.7377992e+04   6.0713730e-02  -1.3797480e-02
   1.7579219e+04   5.8820730e-02  -1.4920890e-02
   1.7782777e+04   5.6948950e-02  -1.5969430e-02
   1.7988692e+04   5.5099670e-02  -1.6945520e-02
   1.8196991e+04   5.3274070e-02  -1.7851590e-02
   1.8407702e+04   5.1473250e-02  -1.8689990e-02
   1.8620854e+04   4.9698230e-02  -1.9463070e-02
   1.8836473e+04   4.7949900e-02  -2.0173130e-02
   1.9054589e+04   4.6229180e-02  -2.0822450e-02
   1.9275231e+04   4.4653050e-02  -2.0726690e-02
   1.9498427e+04   4.3123860e-02  -2.0616320e-02
   1.9724209e+04   4.1640450e-02  -2.0492270e-02
   1.9952604e+04   4.0201580e-02  -2.0355460e-02
   2.0183644e+04   3.8806150e-02  -2.0206740e-02
   2.0417360e+04   3.7452970e-02  -2.0046930e-02
   2.0653782e+04   3.6140970e-02  -1.9876830e-02
   2.0892941e+04   3.4869100e-02  -1.9697210e-02
   2.1134870e+04   3.3614370e-02  -1.9334210e-02
   2.1379601e+04   3.2402180e-02  -1.8973290e-02
   2.1627165e+04   3.1231200e-02  -1.8614730e-02
   2.1877595e+04   3.0100060e-02  -1.8258730e-02
   2.2130926e+04   2.9007500e-02  -1.7905540e-02
   2.2387190e+04   2.7952260e-02  -1.7555340e-02
   2.2646421e+04   2.6933150e-02  -1.7208310e-02
   2.2908655e+04   2.5949010e-02  -1.6864650e-02
   2.3173924e+04   2.4653410e-02  -1.7089940e-02
   2.3442266e+04   2.3391630e-02  -1.7270750e-02
   2.3713714e+04   2.2163920e-02  -1.7409450e-02
   2.3988306e+04   2.0970410e-02  -1.7508320e-02
   2.4266078e+04   1.9811200e-02  -1.7569610e-02
   2.4547066e+04   1.8686320e-02  -1.7595460e-02
   2.4831307e+04   1.7595710e-02  -1.7587980e-02
   2.5118840e+04   1.6539280e-02  -1.7549200e-02
   2.5409703e+04   1.5879160e-02  -1.6914610e-02
   2.5703933e+04   1.5245270e-02  -1.6302860e-02
   2.6001571e+04   1.4636560e-02  -1.5713120e-02
   2.6302655e+04   1.4052040e-02  -1.5144610e-02
   2.6607225e+04   1.3490750e-02  -1.4596560e-02
   2.6915322e+04   1.2951780e-02  -1.4068260e-02
   2.7226987e+04   1.2434240e-02  -1.3558970e-02
   2.7542261e+04   1.1937280e-02  -1.3068030e-02
   2.7861185e+04   1.1560290e-02  -1.2916760e-02
   2.8183802e+04   1.1192600e-02  -1.2764870e-02
   2.8510155e+04   1.0834030e-02  -1.2612460e-02
   2.8840288e+04   1.0484390e-02  -1.2459620e-02
   2.9174242e+04   1.0143500e-02  -1.2306460e-02
   2.9512064e+04   9.8111830e-03  -1.2153070e-02
   2.9853798e+04   9.4872620e-03  -1.1999540e-02
   3.0199488e+04   9.1715730e-03  -1.1845960e-02
   3.0549182e+04   8.7520240e-03  -1.1434320e-02
   3.0902925e+04   8.3509740e-03  -1.1036460e-02
   3.1260764e+04   7.9676300e-03  -1.0651930e-02
   3.1622746e+04   7.6012340e-03  -1.0280300e-02
   3.1988921e+04   7.2510570e-03  -9.9211730e-03
   3.2359335e+04   6.9164030e-03  -9.5741360e-03
   3.2734038e+04   6.5966030e-03  -9.2388070e-03
   3.3113081e+04   6.2910230e-03  -8.9148120e-03
   3.3496512e+04   5.9160150e-03  -8.7824000e-03
   3.3884383e+04   5.5549490e-03  -8.6460170e-03
   3.4276746e+04   5.2074930e-03  -8.5060760e-03
   3.4673652e+04   4.8733180e-03  -8.3629730e-03
   3.5075154e+04   4.5520970e-03  -8.2170760e-03
   3.5481305e+04   4.2435010e-03  -8.0687420e-03
   3.5892159e+04   3.9472090e-03  -7.9183150e-03
   3.6307771e+04   3.6629010e-03  -7.7661040e-03
   3.6728195e+04   3.6108570e-03  -7.7171760e-03
   3.7153487e+04   3.5593650e-03  -7.6684660e-03
   3.7583705e+04   3.5084210e-03  -7.6199780e-03
   3.8018903e+04   3.4580200e-03  -7.5717110e-03
   3.8459142e+04   3.4081540e-03  -7.5236620e-03
   3.8904477e+04   3.3588220e-03  -7.4758320e-03
   3.9354970e+04   3.3100170e-03  -7.4282200e-03
   3.9810679e+04   3.2617350e-03  -7.3808370e-03
   4.0271665e+04   3.1985910e-03  -6.9304020e-03
   4.0737989e+04   3.1319310e-03  -6.5053640e-03
   4.1209713e+04   3.0623380e-03  -6.1043990e-03
   4.1686899e+04   2.9903400e-03  -5.7262470e-03
   4.2169610e+04   2.9164220e-03  -5.3697070e-03
   4.2657911e+04   2.8410190e-03  -5.0336360e-03
   4.3151867e+04   2.7645250e-03  -4.7169490e-03
   4.3651542e+04   2.6872980e-03  -4.4186090e-03
   4.4157003e+04   2.2420300e-03  -4.4259900e-03
   4.4668317e+04   1.8155920e-03  -4.3999660e-03
   4.5185551e+04   1.4096450e-03  -4.3433860e-03
   4.5708775e+04   1.0255690e-03  -4.2591090e-03
   4.6238058e+04   6.6447010e-04  -4.1499590e-03
   4.6773470e+04   3.2719580e-04  -4.0187290e-03
   4.7315081e+04   1.4350400e-05  -3.8681470e-03
   4.7862964e+04  -2.7368980e-04  -3.7008730e-03
   4.8417191e+04  -5.5267070e-04  -3.7498670e-03
   4.8977835e+04  -8.4049730e-04  -3.7791340e-03
   4.9544972e+04  -1.1358750e-03  -3.7876500e-03
   5.0118676e+04  -1.4374100e-03  -3.7744670e-03
   5.0699022e+04  -1.7436110e-03  -3.7387250e-03
   5.1286089e+04  -2.0528970e-03  -3.6796550e-03
   5.1879954e+04  -2.3635980e-03  -3.5965940e-03
   5.2480696e+04  -2.6739670e-03  -3.4889860e-03
   5.3088394e+04  -2.0432420e-03  -3.5761760e-03
   5.3703128e+04  -1.4466570e-03  -3.5776880e-03
   5.4324981e+04  -8.9255870e-04  -3.5039540e-03
   5.4954035e+04  -3.8738680e-04  -3.3657050e-03
   5.5590373e+04   6.4234000e-05  -3.1737210e-03
   5.6234079e+04   4.5936650e-04  -2.9385900e-03
   5.6885239e+04   7.9661760e-04  -2.6705130e-03
   5.7543939e+04   1.0759770e-03  -2.3791340e-03
   5.8210266e+04   9.9006640e-04  -2.5025620e-03
   5.8884309e+04   8.9551730e-04  -2.6253820e-03
   5.9566158e+04   7.9210300e-04  -2.7471520e-03
   6.0255901e+04   6.7961440e-04  -2.8674010e-03
   6.0953632e+04   5.5785880e-04  -2.9856350e-03
   6.1659441e+04   4.2666280e-04  -3.1013370e-03
   6.2373424e+04   2.8587240e-04  -3.2139650e-03
   6.3095674e+04   1.3535720e-04  -3.3229600e-03
   6.3826288e+04   1.0284410e-04  -3.1128030e-03
   6.4565361e+04   7.3909160e-05  -2.9157640e-03
   6.5312993e+04   4.8230580e-05  -2.7310340e-03
   6.6069282e+04   2.5512930e-05  -2.5578580e-03
   6.6834328e+04   5.4849090e-06  -2.3955220e-03
   6.7608233e+04  -1.2102370e-05  -2.2433560e-03
   6.8391100e+04  -2.7477170e-05  -2.1007320e-03
   6.9183031e+04  -4.0848460e-05  -1.9670580e-03
   6.9984133e+04  -4.8428260e-04  -2.0855060e-03
   7.0794511e+04  -9.8302380e-04  -2.1122710e-03
   7.1614273e+04  -1.5201150e-03  -2.0290120e-03
   7.2443527e+04  -2.0733900e-03  -1.8199990e-03
   7.3282383e+04  -2.6157200e-03  -1.4734490e-03
   7.4130953e+04  -3.1155730e-03  -9.8289150e-04
   7.4989349e+04  -3.5379250e-03  -3.4850330e-04
   7.5857685e+04  -3.8455170e-03   4.2167600e-04
   7.6736076e+04  -3.4072180e-03  -1.2789680e-04
   7.7624638e+04  -2.9542480e-03  -5.5058410e-04
   7.8523489e+04  -2.5048360e-03  -8.6074960e-04
   7.9432748e+04  -2.0730290e-03  -1.0732680e-03
   8.0352536e+04  -1.6691520e-03  -1.2029150e-03
   8.1282974e+04  -1.3003080e-03  -1.2639090e-03
   8.2224187e+04  -9.7085520e-04  -1.2695570e-03
   8.3176298e+04  -6.8288080e-04  -1.2320260e-03
   8.4139434e+04  -5.1437030e-04  -1.1746690e-03
   8.5113723e+04  -3.6650270e-04  -1.1083760e-03
   8.6099293e+04  -2.3810440e-04  -1.0357360e-03
   8.7096276e+04  -1.2789170e-04  -9.5899550e-04
   8.8104803e+04  -3.4510350e-05  -8.8008300e-04
   8.9125009e+04   4.3430840e-05  -8.0063000e-04
   9.0157028e+04   1.0733130e-04  -7.2199770e-04
   9.1200997e+04   1.5857490e-04  -6.4530190e-04
   9.2257055e+04  -1.8394050e-05  -7.8325800e-04
   9.3325341e+04  -2.6230850e-04  -8.8572370e-04
   9.4405998e+04  -5.7147360e-04  -9.2716900e-04
   9.5499168e+04  -9.3609320e-04  -8.7906130e-04
   9.6604996e+04  -1.3362260e-03  -7.1194780e-04
   9.7723629e+04  -1.7401010e-03  -3.9845510e-04
   9.8855215e+04  -2.1031250e-03   8.2778490e-05
   9.9999905e+04  -2.3679660e-03   7.4232220e-04
