   9.9999905e+00   2.1873660e-01  -1.9691700e-03
   1.0115785e+01   2.1875960e-01  -1.7389540e-03
   1.0232920e+01   2.1878240e-01  -1.5086910e-03
   1.0351412e+01   2.1880490e-01  -1.2783820e-03
   1.0471275e+01   2.1882720e-01  -1.0480270e-03
   1.0592527e+01   2.1884930e-01  -8.1762640e-04
   1.0715183e+01   2.1887110e-01  -5.8718060e-04
   1.0839259e+01   2.1889270e-01  -3.5668990e-04
   1.0964772e+01   2.1891430e-01  -1.2615520e-04
   1.1091738e+01   2.1918000e-01  -5.7310130e-04
   1.1220174e+01   2.1944520e-01  -1.0211330e-03
   1.1350097e+01   2.1970970e-01  -1.4702500e-03
   1.1481525e+01   2.1997370e-01  -1.9204530e-03
   1.1614475e+01   2.2023710e-01  -2.3717410e-03
   1.1748964e+01   2.2049980e-01  -2.8241160e-03
   1.1885011e+01   2.2076200e-01  -3.2775760e-03
   1.2022633e+01   2.2102340e-01  -3.7321220e-03
   1.2161848e+01   2.2045390e-01  -3.4930070e-03
   1.2302676e+01   2.1988570e-01  -3.2551030e-03
   1.2445134e+01   2.1931870e-01  -3.0184070e-03
   1.2589242e+01   2.1875300e-01  -2.7829120e-03
   1.2735019e+01   2.1818840e-01  -2.5486170e-03
   1.2882483e+01   2.1762500e-01  -2.3155150e-03
   1.3031655e+01   2.1706290e-01  -2.0836030e-03
   1.3182555e+01   2.1650210e-01  -1.8528760e-03
   1.3335202e+01   2.1653470e-01  -1.9482580e-03
   1.3489616e+01   2.1656720e-01  -2.0436700e-03
   1.3645818e+01   2.1659970e-01  -2.1391100e-03
   1.3803829e+01   2.1663220e-01  -2.2345800e-03
   1.3963670e+01   2.1666460e-01  -2.3300780e-03
   1.4125362e+01   2.1669700e-01  -2.4256060e-03
   1.4288926e+01   2.1672930e-01  -2.5211610e-03
   1.4454384e+01   2.1676160e-01  -2.6167460e-03
   1.4621758e+01   2.1690060e-01  -2.6001810e-03
   1.4791070e+01   2.1703960e-01  -2.5835950e-03
   1.4962342e+01   2.1717870e-01  -2.5669840e-03
   1.5135598e+01   2.1731790e-01  -2.5503540e-03
   1.5310860e+01   2.1745720e-01  -2.5337000e-03
   1.5488151e+01   2.1759660e-01  -2.5170240e-03
   1.5667496e+01   2.1773610e-01  -2.5003250e-03
   1.5848917e+01   2.1787630e-01  -2.4836080e-03
   1.6032439e+01   2.1767000e-01  -2.4575070e-03
   1.6218086e+01   2.1746390e-01  -2.4314540e-03
   1.6405882e+01   2.1725790e-01  -2.4054470e-03
   1.6595853e+01   2.1705230e-01  -2.3794870e-03
   1.6788024e+01   2.1684670e-01  -2.3535750e-03
   1.6982420e+01   2.1664140e-01  -2.3277090e-03
   1.7179067e+01   2.1643620e-01  -2.3018900e-03
   1.7377992e+01   2.1623170e-01  -2.2761220e-03
   1.7579219e+01   2.1625490e-01  -2.4279030e-03
   1.7782777e+01   2.1627790e-01  -2.5797160e-03
   1.7988692e+01   2.1630070e-01  -2.7315630e-03
   1.8196991e+01   2.1632350e-01  -2.8834430e-03
   1.8407702e+01   2.1634620e-01  -3.0353580e-03
   1.8620854e+01   2.1636880e-01  -3.1873050e-03
   1.8836473e+01   2.1639120e-01  -3.3392850e-03
   1.9054589e+01   2.1641360e-01  -3.4913000e-03
   1.9275231e+01   2.1601700e-01  -3.2900930e-03
   1.9498427e+01   2.1562090e-01  -3.0896160e-03
   1.9724209e+01   2.1522540e-01  -2.8898640e-03
   1.9952604e+01   2.1483030e-01  -2.6908380e-03
   2.0183644e+01   2.1443580e-01  -2.4925350e-03
   2.0417360e+01   2.1404200e-01  -2.2949530e-03
   2.0653782e+01   2.1364860e-01  -2.0980920e-03
   2.0892941e+01   2.1325600e-01  -1.9019490e-03
   2.1134870e+01   2.1339030e-01  -1.7927070e-03
   2.1379601e+01   2.1352460e-01  -1.6833280e-03
   2.1627165e+01   2.1365890e-01  -1.5738110e-03
   2.1877595e+01   2.1379330e-01  -1.4641550e-03
   2.2130926e+01   2.1392770e-01  -1.3543620e-03
   2.2387190e+01   2.1406210e-01  -1.2444300e-03
   2.2646421e+01   2.1419650e-01  -1.1343600e-03
   2.2908655e+01   2.1433140e-01  -1.0241540e-03
   2.3173924e+01   2.1424950e-01  -1.1361920e-03
   2.3442266e+01   2.1416760e-01  -1.2481440e-03
   2.3713714e+01   2.1408570e-01  -1.3600120e-03
   2.3988306e+01   2.1400370e-01  -1.4717930e-03
   2.4266078e+01   2.1392160e-01  -1.5834890e-03
   2.4547066e+01   2.1383960e-01  -1.6951000e-03
   2.4831307e+01   2.1375750e-01  -1.8066260e-03
   2.5118840e+01   2.1367570e-01  -1.9180680e-03
   2.5409703e+01   2.1361530e-01  -2.0146510e-03
   2.5703933e+01   2.1355480e-01  -2.1111800e-03
   2.6001571e+01   2.1349420e-01  -2.2076550e-03
   2.6302655e+01   2.1343370e-01  -2.3040750e-03
   2.6607225e+01   2.1337310e-01  -2.4004410e-03
   2.6915322e+01   2.1331240e-01  -2.4967520e-03
   2.7226987e+01   2.1325190e-01  -2.5930090e-03
   2.7542261e+01   2.1319110e-01  -2.6892100e-03
   2.7861185e+01   2.1314410e-01  -2.5610540e-03
   2.8183802e+01   2.1309710e-01  -2.4329530e-03
   2.8510155e+01   2.1304990e-01  -2.3049110e-03
   2.8840288e+01   2.1300270e-01  -2.1769270e-03
   2.9174242e+01   2.1295540e-01  -2.0489990e-03
   2.9512064e+01   2.1290810e-01  -1.9211290e-03
   2.9853798e+01   2.1286070e-01  -1.7933170e-03
   3.0199488e+01   2.1281320e-01  -1.6655610e-03
   3.0549182e+01   2.1307100e-01  -1.8332730e-03
   3.0902925e+01   2.1332900e-01  -2.0013900e-03
   3.1260764e+01   2.1358720e-01  -2.1699130e-03
   3.1622746e+01   2.1384550e-01  -2.3388420e-03
   3.1988921e+01   2.1410410e-01  -2.5081780e-03
   3.2359335e+01   2.1436280e-01  -2.6779210e-03
   3.2734038e+01   2.1462180e-01  -2.8480720e-03
   3.3113081e+01   2.1488140e-01  -3.0186400e-03
   3.3496512e+01   2.1469960e-01  -3.1521510e-03
   3.3884383e+01   2.1451780e-01  -3.2854360e-03
   3.4276746e+01   2.1433610e-01  -3.4184950e-03
   3.4673652e+01   2.1415450e-01  -3.5513280e-03
   3.5075154e+01   2.1397300e-01  -3.6839340e-03
   3.5481305e+01   2.1379140e-01  -3.8163140e-03
   3.5892159e+01   2.1360990e-01  -3.9484680e-03
   3.6307771e+01   2.1342840e-01  -4.0803930e-03
   3.6728195e+01   2.1367930e-01  -3.9941880e-03
   3.7153487e+01   2.1393050e-01  -3.9077750e-03
   3.7583705e+01   2.1418180e-01  -3.8211540e-03
   3.8018903e+01   2.1443350e-01  -3.7343240e-03
   3.8459142e+01   2.1468540e-01  -3.6472860e-03
   3.8904477e+01   2.1493760e-01  -3.5600390e-03
   3.9354970e+01   2.1519000e-01  -3.4725820e-03
   3.9810679e+01   2.1544300e-01  -3.3849220e-03
   4.0271665e+01   2.1513020e-01  -3.5279310e-03
   4.0737989e+01   2.1481770e-01  -3.6705200e-03
   4.1209713e+01   2.1450560e-01  -3.8126880e-03
   4.1686899e+01   2.1419390e-01  -3.9544380e-03
   4.2169610e+01   2.1388250e-01  -4.0957680e-03
   4.2657911e+01   2.1357140e-01  -4.2366800e-03
   4.3151867e+01   2.1326070e-01  -4.3771780e-03
   4.3651542e+01   2.1295010e-01  -4.5172600e-03
   4.4157003e+01   2.1302920e-01  -4.4936080e-03
   4.4668317e+01   2.1310810e-01  -4.4699380e-03
   4.5185551e+01   2.1318710e-01  -4.4462490e-03
   4.5708775e+01   2.1326620e-01  -4.4225450e-03
   4.6238058e+01   2.1334520e-01  -4.3988180e-03
   4.6773470e+01   2.1342420e-01  -4.3750750e-03
   4.7315081e+01   2.1350330e-01  -4.3513130e-03
   4.7862964e+01   2.1358280e-01  -4.3275380e-03
   4.8417191e+01   2.1352820e-01  -4.3983860e-03
   4.8977835e+01   2.1347360e-01  -4.4691960e-03
   4.9544972e+01   2.1341890e-01  -4.5399710e-03
   5.0118676e+01   2.1336430e-01  -4.6107110e-03
   5.0699022e+01   2.1330970e-01  -4.6814150e-03
   5.1286089e+01   2.1325510e-01  -4.7520820e-03
   5.1879954e+01   2.1320040e-01  -4.8227130e-03
   5.2480696e+01   2.1314590e-01  -4.8933110e-03
   5.3088394e+01   2.1332170e-01  -4.8316260e-03
   5.3703128e+01   2.1349740e-01  -4.7698370e-03
   5.4324981e+01   2.1367330e-01  -4.7079430e-03
   5.4954035e+01   2.1384930e-01  -4.6459430e-03
   5.5590373e+01   2.1402550e-01  -4.5838400e-03
   5.6234079e+01   2.1420180e-01  -4.5216300e-03
   5.6885239e+01   2.1437820e-01  -4.4593150e-03
   5.7543939e+01   2.1455530e-01  -4.3969050e-03
   5.8210266e+01   2.1430530e-01  -4.6023330e-03
   5.8884309e+01   2.1405540e-01  -4.8072810e-03
   5.9566158e+01   2.1380560e-01  -5.0117480e-03
   6.0255901e+01   2.1355590e-01  -5.2157350e-03
   6.0953632e+01   2.1330620e-01  -5.4192460e-03
   6.1659441e+01   2.1305670e-01  -5.6222780e-03
   6.2373424e+01   2.1280720e-01  -5.8248310e-03
   6.3095674e+01   2.1255780e-01  -6.0269100e-03
   6.3826288e+01   2.1284340e-01  -6.1388230e-03
   6.4565361e+01   2.1312940e-01  -6.2510290e-03
   6.5312993e+01   2.1341570e-01  -6.3635270e-03
   6.6069282e+01   2.1370240e-01  -6.4763160e-03
   6.6834328e+01   2.1398930e-01  -6.5894010e-03
   6.7608233e+01   2.1427660e-01  -6.7027760e-03
   6.8391100e+01   2.1456420e-01  -6.8164480e-03
   6.9183031e+01   2.1485250e-01  -6.9304210e-03
   6.9984133e+01   2.1449230e-01  -7.0373030e-03
   7.0794511e+01   2.1413250e-01  -7.1438090e-03
   7.1614273e+01   2.1377330e-01  -7.2499390e-03
   7.2443527e+01   2.1341460e-01  -7.3556950e-03
   7.3282383e+01   2.1305650e-01  -7.4610790e-03
   7.4130953e+01   2.1269890e-01  -7.5660880e-03
   7.4989349e+01   2.1234190e-01  -7.6707290e-03
   7.5857685e+01   2.1198520e-01  -7.7750000e-03
   7.6736076e+01   2.1206580e-01  -7.8881510e-03
   7.7624638e+01   2.1214640e-01  -8.0013890e-03
   7.8523489e+01   2.1222710e-01  -8.1147120e-03
   7.9432748e+01   2.1230760e-01  -8.2281210e-03
   8.0352536e+01   2.1238820e-01  -8.3416200e-03
   8.1282974e+01   2.1246870e-01  -8.4552040e-03
   8.2224187e+01   2.1254920e-01  -8.5688770e-03
   8.3176298e+01   2.1262970e-01  -8.6826370e-03
   8.4139434e+01   2.1265090e-01  -8.4435810e-03
   8.5113723e+01   2.1267170e-01  -8.2044840e-03
   8.6099293e+01   2.1269240e-01  -7.9653540e-03
   8.7096276e+01   2.1271260e-01  -7.7261840e-03
   8.8104803e+01   2.1273270e-01  -7.4869790e-03
   8.9125009e+01   2.1275250e-01  -7.2477430e-03
   9.0157028e+01   2.1277200e-01  -7.0084680e-03
   9.1200997e+01   2.1279140e-01  -6.7691640e-03
   9.2257055e+01   2.1277750e-01  -6.7951690e-03
   9.3325341e+01   2.1276360e-01  -6.8211710e-03
   9.4405998e+01   2.1274970e-01  -6.8471680e-03
   9.5499168e+01   2.1273570e-01  -6.8731620e-03
   9.6604996e+01   2.1272180e-01  -6.8991530e-03
   9.7723629e+01   2.1270780e-01  -6.9251420e-03
   9.8855215e+01   2.1269390e-01  -6.9511260e-03
   9.9999905e+01   2.1268040e-01  -6.9771210e-03
   1.0115785e+02   2.1253980e-01  -7.2369100e-03
   1.0232920e+02   2.1239900e-01  -7.4963650e-03
   1.0351412e+02   2.1225790e-01  -7.7554830e-03
   1.0471275e+02   2.1211660e-01  -8.0142670e-03
   1.0592527e+02   2.1197510e-01  -8.2727130e-03
   1.0715183e+02   2.1183330e-01  -8.5308240e-03
   1.0839259e+02   2.1169130e-01  -8.7885950e-03
   1.0964772e+02   2.1154880e-01  -9.0460200e-03
   1.1091738e+02   2.1148620e-01  -9.2464560e-03
   1.1220174e+02   2.1142350e-01  -9.4467830e-03
   1.1350097e+02   2.1136050e-01  -9.6469990e-03
   1.1481525e+02   2.1129740e-01  -9.8471030e-03
   1.1614475e+02   2.1123410e-01  -1.0047090e-02
   1.1748964e+02   2.1117060e-01  -1.0246980e-02
   1.1885011e+02   2.1110700e-01  -1.0446740e-02
   1.2022633e+02   2.1104340e-01  -1.0646410e-02
   1.2161848e+02   2.1110530e-01  -1.0683820e-02
   1.2302676e+02   2.1116720e-01  -1.0721250e-02
   1.2445134e+02   2.1122910e-01  -1.0758700e-02
   1.2589242e+02   2.1129100e-01  -1.0796180e-02
   1.2735019e+02   2.1135290e-01  -1.0833670e-02
   1.2882483e+02   2.1141480e-01  -1.0871190e-02
   1.3031655e+02   2.1147670e-01  -1.0908730e-02
   1.3182555e+02   2.1153920e-01  -1.0946320e-02
   1.3335202e+02   2.1166160e-01  -1.1119000e-02
   1.3489616e+02   2.1178400e-01  -1.1291890e-02
   1.3645818e+02   2.1190630e-01  -1.1464990e-02
   1.3803829e+02   2.1202870e-01  -1.1638280e-02
   1.3963670e+02   2.1215090e-01  -1.1811780e-02
   1.4125362e+02   2.1227300e-01  -1.1985480e-02
   1.4288926e+02   2.1239520e-01  -1.2159390e-02
   1.4454384e+02   2.1251760e-01  -1.2333520e-02
   1.4621758e+02   2.1265100e-01  -1.2634880e-02
   1.4791070e+02   2.1278420e-01  -1.2936630e-02
   1.4962342e+02   2.1291710e-01  -1.3238790e-02
   1.5135598e+02   2.1304960e-01  -1.3541340e-02
   1.5310860e+02   2.1318180e-01  -1.3844290e-02
   1.5488151e+02   2.1331370e-01  -1.4147630e-02
   1.5667496e+02   2.1344530e-01  -1.4451380e-02
   1.5848917e+02   2.1357650e-01  -1.4755520e-02
   1.6032439e+02   2.1327240e-01  -1.4718210e-02
   1.6218086e+02   2.1296870e-01  -1.4680980e-02
   1.6405882e+02   2.1266540e-01  -1.4643820e-02
   1.6595853e+02   2.1236260e-01  -1.4606740e-02
   1.6788024e+02   2.1206020e-01  -1.4569740e-02
   1.6982420e+02   2.1175820e-01  -1.4532810e-02
   1.7179067e+02   2.1145670e-01  -1.4495960e-02
   1.7377992e+02   2.1115580e-01  -1.4459210e-02
   1.7579219e+02   2.1118840e-01  -1.4733150e-02
   1.7782777e+02   2.1122070e-01  -1.5007190e-02
   1.7988692e+02   2.1125250e-01  -1.5281340e-02
   1.8196991e+02   2.1128410e-01  -1.5555610e-02
   1.8407702e+02   2.1131530e-01  -1.5829970e-02
   1.8620854e+02   2.1134620e-01  -1.6104450e-02
   1.8836473e+02   2.1137660e-01  -1.6379020e-02
   1.9054589e+02   2.1140720e-01  -1.6653730e-02
   1.9275231e+02   2.1149810e-01  -1.6654720e-02
   1.9498427e+02   2.1158910e-01  -1.6655710e-02
   1.9724209e+02   2.1168010e-01  -1.6656690e-02
   1.9952604e+02   2.1177110e-01  -1.6657680e-02
   2.0183644e+02   2.1186220e-01  -1.6658650e-02
   2.0417360e+02   2.1195340e-01  -1.6659630e-02
   2.0653782e+02   2.1204460e-01  -1.6660600e-02
   2.0892941e+02   2.1213590e-01  -1.6661590e-02
   2.1134870e+02   2.1218270e-01  -1.7048330e-02
   2.1379601e+02   2.1222870e-01  -1.7435300e-02
   2.1627165e+02   2.1227400e-01  -1.7822500e-02
   2.1877595e+02   2.1231880e-01  -1.8209910e-02
   2.2130926e+02   2.1236280e-01  -1.8597550e-02
   2.2387190e+02   2.1240620e-01  -1.8985400e-02
   2.2646421e+02   2.1244880e-01  -1.9373470e-02
   2.2908655e+02   2.1249100e-01  -1.9761780e-02
   2.3173924e+02   2.1254620e-01  -1.9558120e-02
   2.3442266e+02   2.1260130e-01  -1.9354380e-02
   2.3713714e+02   2.1265610e-01  -1.9150540e-02
   2.3988306e+02   2.1271070e-01  -1.8946610e-02
   2.4266078e+02   2.1276510e-01  -1.8742600e-02
   2.4547066e+02   2.1281940e-01  -1.8538500e-02
   2.4831307e+02   2.1287350e-01  -1.8334320e-02
   2.5118840e+02   2.1292760e-01  -1.8130080e-02
   2.5409703e+02   2.1277940e-01  -1.8632310e-02
   2.5703933e+02   2.1263010e-01  -1.9133950e-02
   2.6001571e+02   2.1247970e-01  -1.9634990e-02
   2.6302655e+02   2.1232810e-01  -2.0135410e-02
   2.6607225e+02   2.1217540e-01  -2.0635230e-02
   2.6915322e+02   2.1202160e-01  -2.1134420e-02
   2.7226987e+02   2.1186660e-01  -2.1633030e-02
   2.7542261e+02   2.1171070e-01  -2.2131010e-02
   2.7861185e+02   2.1167860e-01  -2.2331670e-02
   2.8183802e+02   2.1164630e-01  -2.2532280e-02
   2.8510155e+02   2.1161390e-01  -2.2732860e-02
   2.8840288e+02   2.1158120e-01  -2.2933390e-02
   2.9174242e+02   2.1154840e-01  -2.3133890e-02
   2.9512064e+02   2.1151530e-01  -2.3334340e-02
   2.9853798e+02   2.1148210e-01  -2.3534740e-02
   3.0199488e+02   2.1144880e-01  -2.3735120e-02
   3.0549182e+02   2.1141880e-01  -2.4069000e-02
   3.0902925e+02   2.1138850e-01  -2.4402830e-02
   3.1260764e+02   2.1135760e-01  -2.4736630e-02
   3.1622746e+02   2.1132600e-01  -2.5070400e-02
   3.1988921e+02   2.1129400e-01  -2.5404120e-02
   3.2359335e+02   2.1126150e-01  -2.5737800e-02
   3.2734038e+02   2.1122850e-01  -2.6071460e-02
   3.3113081e+02   2.1119480e-01  -2.6405070e-02
   3.3496512e+02   2.1112420e-01  -2.6316820e-02
   3.3884383e+02   2.1105360e-01  -2.6228630e-02
   3.4276746e+02   2.1098290e-01  -2.6140490e-02
   3.4673652e+02   2.1091220e-01  -2.6052410e-02
   3.5075154e+02   2.1084150e-01  -2.5964400e-02
   3.5481305e+02   2.1077080e-01  -2.5876440e-02
   3.5892159e+02   2.1070010e-01  -2.5788550e-02
   3.6307771e+02   2.1062960e-01  -2.5700740e-02
   3.6728195e+02   2.1063820e-01  -2.6157100e-02
   3.7153487e+02   2.1064580e-01  -2.6613610e-02
   3.7583705e+02   2.1065250e-01  -2.7070290e-02
   3.8018903e+02   2.1065820e-01  -2.7527120e-02
   3.8459142e+02   2.1066290e-01  -2.7984090e-02
   3.8904477e+02   2.1066670e-01  -2.8441220e-02
   3.9354970e+02   2.1066950e-01  -2.8898480e-02
   3.9810679e+02   2.1067160e-01  -2.9355920e-02
   4.0271665e+02   2.1052760e-01  -2.9709970e-02
   4.0737989e+02   2.1038300e-01  -3.0063610e-02
   4.1209713e+02   2.1023800e-01  -3.0416840e-02
   4.1686899e+02   2.1009230e-01  -3.0769670e-02
   4.2169610e+02   2.0994610e-01  -3.1122100e-02
   4.2657911e+02   2.0979940e-01  -3.1474110e-02
   4.3151867e+02   2.0965200e-01  -3.1825700e-02
   4.3651542e+02   2.0950450e-01  -3.2176920e-02
   4.4157003e+02   2.0935160e-01  -3.2757050e-02
   4.4668317e+02   2.0919720e-01  -3.3336590e-02
   4.5185551e+02   2.0904120e-01  -3.3915500e-02
   4.5708775e+02   2.0888370e-01  -3.4493810e-02
   4.6238058e+02   2.0872450e-01  -3.5071500e-02
   4.6773470e+02   2.0856370e-01  -3.5648580e-02
   4.7315081e+02   2.0840140e-01  -3.6225030e-02
   4.7862964e+02   2.0823760e-01  -3.6800880e-02
   4.8417191e+02   2.0796430e-01  -3.6679710e-02
   4.8977835e+02   2.0769150e-01  -3.6558810e-02
   4.9544972e+02   2.0741890e-01  -3.6438160e-02
   5.0118676e+02   2.0714670e-01  -3.6317760e-02
   5.0699022e+02   2.0687480e-01  -3.6197610e-02
   5.1286089e+02   2.0660330e-01  -3.6077730e-02
   5.1879954e+02   2.0633200e-01  -3.5958120e-02
   5.2480696e+02   2.0606120e-01  -3.5838780e-02
   5.3088394e+02   2.0634490e-01  -3.6557310e-02
   5.3703128e+02   2.0662690e-01  -3.7278110e-02
   5.4324981e+02   2.0690720e-01  -3.8001190e-02
   5.4954035e+02   2.0718570e-01  -3.8726530e-02
   5.5590373e+02   2.0746250e-01  -3.9454150e-02
   5.6234079e+02   2.0773740e-01  -4.0184060e-02
   5.6885239e+02   2.0801060e-01  -4.0916230e-02
   5.7543939e+02   2.0828210e-01  -4.1650680e-02
   5.8210266e+02   2.0808030e-01  -4.1848820e-02
   5.8884309e+02   2.0787840e-01  -4.2046600e-02
   5.9566158e+02   2.0767640e-01  -4.2244020e-02
   6.0255901e+02   2.0747440e-01  -4.2441060e-02
   6.0953632e+02   2.0727230e-01  -4.2637730e-02
   6.1659441e+02   2.0707010e-01  -4.2834040e-02
   6.2373424e+02   2.0686780e-01  -4.3029970e-02
   6.3095674e+02   2.0666540e-01  -4.3225550e-02
   6.3826288e+02   2.0621700e-01  -4.3502130e-02
   6.4565361e+02   2.0576900e-01  -4.3777440e-02
   6.5312993e+02   2.0532130e-01  -4.4051480e-02
   6.6069282e+02   2.0487400e-01  -4.4324260e-02
   6.6834328e+02   2.0442700e-01  -4.4595790e-02
   6.7608233e+02   2.0398040e-01  -4.4866030e-02
   6.8391100e+02   2.0353400e-01  -4.5135030e-02
   6.9183031e+02   2.0308800e-01  -4.5402760e-02
   6.9984133e+02   2.0321060e-01  -4.6205390e-02
   7.0794511e+02   2.0333050e-01  -4.7009640e-02
   7.1614273e+02   2.0344760e-01  -4.7815450e-02
   7.2443527e+02   2.0356190e-01  -4.8622810e-02
   7.3282383e+02   2.0367350e-01  -4.9431730e-02
   7.4130953e+02   2.0378230e-01  -5.0242210e-02
   7.4989349e+02   2.0388830e-01  -5.1054230e-02
   7.5857685e+02   2.0399170e-01  -5.1867880e-02
   7.6736076e+02   2.0337030e-01  -5.2552690e-02
   7.7624638e+02   2.0274750e-01  -5.3233680e-02
   7.8523489e+02   2.0212330e-01  -5.3910840e-02
   7.9432748e+02   2.0149780e-01  -5.4584200e-02
   8.0352536e+02   2.0087100e-01  -5.5253720e-02
   8.1282974e+02   2.0024280e-01  -5.5919460e-02
   8.2224187e+02   1.9961340e-01  -5.6581390e-02
   8.3176298e+02   1.9898230e-01  -5.7239410e-02
   8.4139434e+02   1.9891460e-01  -5.7713520e-02
   8.5113723e+02   1.9884580e-01  -5.8187630e-02
   8.6099293e+02   1.9877580e-01  -5.8661720e-02
   8.7096276e+02   1.9870470e-01  -5.9135820e-02
   8.8104803e+02   1.9863260e-01  -5.9609900e-02
   8.9125009e+02   1.9855930e-01  -6.0083950e-02
   9.0157028e+02   1.9848490e-01  -6.0558000e-02
   9.1200997e+02   1.9840950e-01  -6.1032000e-02
   9.2257055e+02   1.9827730e-01  -6.1613300e-02
   9.3325341e+02   1.9814350e-01  -6.2194340e-02
   9.4405998e+02   1.9800800e-01  -6.2775150e-02
   9.5499168e+02   1.9787080e-01  -6.3355640e-02
   9.6604996e+02   1.9773180e-01  -6.3935890e-02
   9.7723629e+02   1.9759120e-01  -6.4515870e-02
   9.8855215e+02   1.9744890e-01  -6.5095590e-02
   9.9999905e+02   1.9730490e-01  -6.5675060e-02
   1.0115785e+03   1.9700940e-01  -6.6659080e-02
   1.0232920e+03   1.9670890e-01  -6.7641780e-02
   1.0351412e+03   1.9640360e-01  -6.8623140e-02
   1.0471275e+03   1.9609340e-01  -6.9603160e-02
   1.0592527e+03   1.9577830e-01  -7.0581780e-02
   1.0715183e+03   1.9545830e-01  -7.1558970e-02
   1.0839259e+03   1.9513350e-01  -7.2534750e-02
   1.0964772e+03   1.9480380e-01  -7.3509050e-02
   1.1091738e+03   1.9434010e-01  -7.3896960e-02
   1.1220174e+03   1.9387620e-01  -7.4283110e-02
   1.1350097e+03   1.9341200e-01  -7.4667560e-02
   1.1481525e+03   1.9294740e-01  -7.5050310e-02
   1.1614475e+03   1.9248250e-01  -7.5431300e-02
   1.1748964e+03   1.9201730e-01  -7.5810600e-02
   1.1885011e+03   1.9155180e-01  -7.6188160e-02
   1.2022633e+03   1.9108610e-01  -7.6564090e-02
   1.2161848e+03   1.9096720e-01  -7.7749890e-02
   1.2302676e+03   1.9084150e-01  -7.8936920e-02
   1.2445134e+03   1.9070890e-01  -8.0125170e-02
   1.2589242e+03   1.9056960e-01  -8.1314580e-02
   1.2735019e+03   1.9042340e-01  -8.2505090e-02
   1.2882483e+03   1.9027030e-01  -8.3696740e-02
   1.3031655e+03   1.9011040e-01  -8.4889460e-02
   1.3182555e+03   1.8994390e-01  -8.6083340e-02
   1.3335202e+03   1.8973500e-01  -8.6649220e-02
   1.3489616e+03   1.8952440e-01  -8.7214630e-02
   1.3645818e+03   1.8931210e-01  -8.7779540e-02
   1.3803829e+03   1.8909820e-01  -8.8343960e-02
   1.3963670e+03   1.8888260e-01  -8.8907910e-02
   1.4125362e+03   1.8866540e-01  -8.9471330e-02
   1.4288926e+03   1.8844640e-01  -9.0034260e-02
   1.4454384e+03   1.8822610e-01  -9.0596930e-02
   1.4621758e+03   1.8767820e-01  -9.2017220e-02
   1.4791070e+03   1.8711980e-01  -9.3434380e-02
   1.4962342e+03   1.8655060e-01  -9.4848320e-02
   1.5135598e+03   1.8597090e-01  -9.6258950e-02
   1.5310860e+03   1.8538050e-01  -9.7666190e-02
   1.5488151e+03   1.8477970e-01  -9.9069970e-02
   1.5667496e+03   1.8416820e-01  -1.0047020e-01
   1.5848917e+03   1.8354630e-01  -1.0186670e-01
   1.6032439e+03   1.8329330e-01  -1.0293310e-01
   1.6218086e+03   1.8303450e-01  -1.0399970e-01
   1.6405882e+03   1.8277000e-01  -1.0506660e-01
   1.6595853e+03   1.8249990e-01  -1.0613360e-01
   1.6788024e+03   1.8222390e-01  -1.0720080e-01
   1.6982420e+03   1.8194220e-01  -1.0826800e-01
   1.7179067e+03   1.8165470e-01  -1.0933540e-01
   1.7377992e+03   1.8136150e-01  -1.1040280e-01
   1.7579219e+03   1.8049000e-01  -1.1151050e-01
   1.7782777e+03   1.7961190e-01  -1.1261150e-01
   1.7988692e+03   1.7872720e-01  -1.1370590e-01
   1.8196991e+03   1.7783600e-01  -1.1479370e-01
   1.8407702e+03   1.7693840e-01  -1.1587470e-01
   1.8620854e+03   1.7603440e-01  -1.1694890e-01
   1.8836473e+03   1.7512400e-01  -1.1801630e-01
   1.9054589e+03   1.7420750e-01  -1.1907690e-01
   1.9275231e+03   1.7363930e-01  -1.2037440e-01
   1.9498427e+03   1.7306180e-01  -1.2166980e-01
   1.9724209e+03   1.7247500e-01  -1.2296300e-01
   1.9952604e+03   1.7187900e-01  -1.2425400e-01
   2.0183644e+03   1.7127370e-01  -1.2554260e-01
   2.0417360e+03   1.7065920e-01  -1.2682890e-01
   2.0653782e+03   1.7003550e-01  -1.2811270e-01
   2.0892941e+03   1.6940230e-01  -1.2939390e-01
   2.1134870e+03   1.6817670e-01  -1.3085900e-01
   2.1379601e+03   1.6693840e-01  -1.3231260e-01
   2.1627165e+03   1.6568760e-01  -1.3375440e-01
   2.1877595e+03   1.6442440e-01  -1.3518450e-01
   2.2130926e+03   1.6314890e-01  -1.3660280e-01
   2.2387190e+03   1.6186120e-01  -1.3800900e-01
   2.2646421e+03   1.6056140e-01  -1.3940320e-01
   2.2908655e+03   1.5924960e-01  -1.4078510e-01
   2.3173924e+03   1.5831620e-01  -1.4207630e-01
   2.3442266e+03   1.5737240e-01  -1.4336160e-01
   2.3713714e+03   1.5641840e-01  -1.4464070e-01
   2.3988306e+03   1.5545410e-01  -1.4591370e-01
   2.4266078e+03   1.5447970e-01  -1.4718040e-01
   2.4547066e+03   1.5349500e-01  -1.4844070e-01
   2.4831307e+03   1.5250030e-01  -1.4969470e-01
   2.5118840e+03   1.5149560e-01  -1.5094220e-01
   2.5409703e+03   1.5045340e-01  -1.5271830e-01
   2.5703933e+03   1.4939220e-01  -1.5448910e-01
   2.6001571e+03   1.4831180e-01  -1.5625410e-01
   2.6302655e+03   1.4721240e-01  -1.5801340e-01
   2.6607225e+03   1.4609390e-01  -1.5976660e-01
   2.6915322e+03   1.4495640e-01  -1.6151370e-01
   2.7226987e+03   1.4379990e-01  -1.6325430e-01
   2.7542261e+03   1.4262430e-01  -1.6498840e-01
   2.7861185e+03   1.4099950e-01  -1.6656750e-01
   2.8183802e+03   1.3935730e-01  -1.6813080e-01
   2.8510155e+03   1.3769780e-01  -1.6967790e-01
   2.8840288e+03   1.3602140e-01  -1.7120880e-01
   2.9174242e+03   1.3432800e-01  -1.7272310e-01
   2.9512064e+03   1.3261790e-01  -1.7422090e-01
   2.9853798e+03   1.3089120e-01  -1.7570180e-01
   3.0199488e+03   1.2914830e-01  -1.7716600e-01
   3.0549182e+03   1.2744890e-01  -1.7888920e-01
   3.0902925e+03   1.2572790e-01  -1.8059700e-01
   3.1260764e+03   1.2398510e-01  -1.8228910e-01
   3.1622746e+03   1.2222070e-01  -1.8396520e-01
   3.1988921e+03   1.2043490e-01  -1.8562510e-01
   3.2359335e+03   1.1862790e-01  -1.8726850e-01
   3.2734038e+03   1.1679970e-01  -1.8889520e-01
   3.3113081e+03   1.1495040e-01  -1.9050480e-01
   3.3496512e+03   1.1267680e-01  -1.9217960e-01
   3.3884383e+03   1.1037940e-01  -1.9382780e-01
   3.4276746e+03   1.0805850e-01  -1.9544890e-01
   3.4673652e+03   1.0571440e-01  -1.9704250e-01
   3.5075154e+03   1.0334740e-01  -1.9860840e-01
   3.5481305e+03   1.0095790e-01  -2.0014610e-01
   3.5892159e+03   9.8546160e-02  -2.0165550e-01
   3.6307771e+03   9.6112420e-02  -2.0313570e-01
   3.6728195e+03   9.3581300e-02  -2.0489930e-01
   3.7153487e+03   9.1020510e-02  -2.0663270e-01
   3.7583705e+03   8.8430450e-02  -2.0833540e-01
   3.8018903e+03   8.5811390e-02  -2.1000680e-01
   3.8459142e+03   8.3163780e-02  -2.1164660e-01
   3.8904477e+03   8.0487950e-02  -2.1325420e-01
   3.9354970e+03   7.7784230e-02  -2.1482940e-01
   3.9810679e+03   7.5053140e-02  -2.1637170e-01
   4.0271665e+03   7.2157040e-02  -2.1780130e-01
   4.0737989e+03   6.9235820e-02  -2.1919290e-01
   4.1209713e+03   6.6290040e-02  -2.2054600e-01
   4.1686899e+03   6.3320120e-02  -2.2186040e-01
   4.2169610e+03   6.0326640e-02  -2.2313540e-01
   4.2657911e+03   5.7310050e-02  -2.2437090e-01
   4.3151867e+03   5.4270890e-02  -2.2556620e-01
   4.3651542e+03   5.1209710e-02  -2.2672130e-01
   4.4157003e+03   4.7309730e-02  -2.2811290e-01
   4.4668317e+03   4.3376810e-02  -2.2943850e-01
   4.5185551e+03   3.9411980e-02  -2.3069730e-01
   4.5708775e+03   3.5416430e-02  -2.3188870e-01
   4.6238058e+03   3.1391230e-02  -2.3301210e-01
   4.6773470e+03   2.7337530e-02  -2.3406660e-01
   4.7315081e+03   2.3256490e-02  -2.3505180e-01
   4.7862964e+03   1.9149300e-02  -2.3596640e-01
   4.8417191e+03   1.4935890e-02  -2.3664110e-01
   4.8977835e+03   1.0704460e-02  -2.3724100e-01
   4.9544972e+03   6.4563220e-03  -2.3776580e-01
   5.0118676e+03   2.1928020e-03  -2.3821490e-01
   5.0699022e+03  -2.0847630e-03  -2.3858800e-01
   5.1286089e+03  -6.3750290e-03  -2.3888480e-01
   5.1879954e+03  -1.0676640e-02  -2.3910500e-01
   5.2480696e+03  -1.4988260e-02  -2.3924810e-01
   5.3088394e+03  -1.9790210e-02  -2.3938680e-01
   5.3703128e+03  -2.4603690e-02  -2.3942990e-01
   5.4324981e+03  -2.9426850e-02  -2.3937700e-01
   5.4954035e+03  -3.4257780e-02  -2.3922770e-01
   5.5590373e+03  -3.9094560e-02  -2.3898180e-01
   5.6234079e+03  -4.3935290e-02  -2.3863890e-01
   5.6885239e+03  -4.8778020e-02  -2.3819880e-01
   5.7543939e+03  -5.3620900e-02  -2.3766130e-01
   5.8210266e+03  -5.9382760e-02  -2.3681230e-01
   5.8884309e+03  -6.5134780e-02  -2.3582450e-01
   5.9566158e+03  -7.0873660e-02  -2.3469770e-01
   6.0255901e+03  -7.6596040e-02  -2.3343210e-01
   6.0953632e+03  -8.2298590e-02  -2.3202790e-01
   6.1659441e+03  -8.7977930e-02  -2.3048520e-01
   6.2373424e+03  -9.3630780e-02  -2.2880430e-01
   6.3095674e+03  -9.9253700e-02  -2.2698560e-01
   6.3826288e+03  -1.0511270e-01  -2.2515650e-01
   6.4565361e+03  -1.1094250e-01  -2.2317810e-01
   6.5312993e+03  -1.1673940e-01  -2.2105080e-01
   6.6069282e+03  -1.2249960e-01  -2.1877500e-01
   6.6834328e+03  -1.2821950e-01  -2.1635120e-01
   6.7608233e+03  -1.3389500e-01  -2.1378000e-01
   6.8391100e+03  -1.3952260e-01  -2.1106190e-01
   6.9183031e+03  -1.4509880e-01  -2.0819820e-01
   6.9984133e+03  -1.5127350e-01  -2.0436820e-01
   7.0794511e+03  -1.5734810e-01  -2.0035580e-01
   7.1614273e+03  -1.6331730e-01  -1.9616360e-01
   7.2443527e+03  -1.6917580e-01  -1.9179430e-01
   7.3282383e+03  -1.7491830e-01  -1.8725080e-01
   7.4130953e+03  -1.8053960e-01  -1.8253620e-01
   7.4989349e+03  -1.8603480e-01  -1.7765360e-01
   7.5857685e+03  -1.9139890e-01  -1.7260650e-01
   7.6736076e+03  -1.9719420e-01  -1.6772230e-01
   7.7624638e+03  -2.0287060e-01  -1.6264970e-01
   7.8523489e+03  -2.0842200e-01  -1.5739130e-01
   7.9432748e+03  -2.1384240e-01  -1.5195020e-01
   8.0352536e+03  -2.1912590e-01  -1.4632930e-01
   8.1282974e+03  -2.2426690e-01  -1.4053200e-01
   8.2224187e+03  -2.2925960e-01  -1.3456170e-01
   8.3176298e+03  -2.3409880e-01  -1.2842230e-01
   8.4139434e+03  -2.3875780e-01  -1.1925510e-01
   8.5113723e+03  -2.4305820e-01  -1.0991970e-01
   8.6099293e+03  -2.4699400e-01  -1.0043010e-01
   8.7096276e+03  -2.5055990e-01  -9.0800570e-02
   8.8104803e+03  -2.5375060e-01  -8.1045430e-02
   8.9125009e+03  -2.5656190e-01  -7.1179350e-02
   9.0157028e+03  -2.5899010e-01  -6.1217020e-02
   9.1200997e+03  -2.6103180e-01  -5.1173430e-02
   9.2257055e+03  -2.6253540e-01  -4.1042220e-02
   9.3325341e+03  -2.6364650e-01  -3.0871200e-02
   9.4405998e+03  -2.6436440e-01  -2.0675570e-02
   9.5499168e+03  -2.6468900e-01  -1.0470480e-02
   9.6604996e+03  -2.6462040e-01  -2.7107800e-04
   9.7723629e+03  -2.6415960e-01   9.9075230e-03
   9.8855215e+03  -2.6330820e-01   2.0050280e-02
   9.9999905e+03  -2.6206770e-01   3.0142160e-02
   1.0115785e+04  -2.5867490e-01   4.1315770e-02
   1.0232920e+04  -2.5482240e-01   5.2252930e-02
   1.0351412e+04  -2.5052420e-01   6.2935520e-02
   1.0471275e+04  -2.4579490e-01   7.3346120e-02
   1.0592527e+04  -2.4064980e-01   8.3468120e-02
   1.0715183e+04  -2.3510470e-01   9.3285720e-02
   1.0839259e+04  -2.2917610e-01   1.0278390e-01
   1.0964772e+04  -2.2288100e-01   1.1194850e-01
   1.1091738e+04  -2.1516080e-01   1.2090600e-01
   1.1220174e+04  -2.0711770e-01   1.2940520e-01
   1.1350097e+04  -1.9877660e-01   1.3743630e-01
   1.1481525e+04  -1.9016250e-01   1.4499120e-01
   1.1614475e+04  -1.8130030e-01   1.5206280e-01
   1.1748964e+04  -1.7221530e-01   1.5864520e-01
   1.1885011e+04  -1.6293240e-01   1.6473390e-01
   1.2022633e+04  -1.5347640e-01   1.7032540e-01
   1.2161848e+04  -1.4267880e-01   1.7419380e-01
   1.2302676e+04  -1.3190710e-01   1.7748890e-01
   1.2445134e+04  -1.2118750e-01   1.8022290e-01
   1.2589242e+04  -1.1054490e-01   1.8240890e-01
   1.2735019e+04  -1.0000340e-01   1.8406080e-01
   1.2882483e+04  -8.9585530e-02   1.8519340e-01
   1.3031655e+04  -7.9313110e-02   1.8582250e-01
   1.3182555e+04  -6.9206820e-02   1.8596410e-01
   1.3335202e+04  -5.8919360e-02   1.8400360e-01
   1.3489616e+04  -4.9001720e-02   1.8163230e-01
   1.3645818e+04  -3.9462310e-02   1.7887800e-01
   1.3803829e+04  -3.0308050e-02   1.7576850e-01
   1.3963670e+04  -2.1544490e-02   1.7233070e-01
   1.4125362e+04  -1.3175730e-02   1.6859130e-01
   1.4288926e+04  -5.2046190e-03   1.6457630e-01
   1.4454384e+04   2.3672780e-03   1.6031140e-01
   1.4621758e+04   8.8080560e-03   1.5558440e-01
   1.4791070e+04   1.4870850e-02   1.5073250e-01
   1.4962342e+04   2.0561510e-02   1.4577460e-01
   1.5135598e+04   2.5886480e-02   1.4072870e-01
   1.5310860e+04   3.0852750e-02   1.3561250e-01
   1.5488151e+04   3.5467810e-02   1.3044240e-01
   1.5667496e+04   3.9739660e-02   1.2523420e-01
   1.5848917e+04   4.3676640e-02   1.2000310e-01
   1.6032439e+04   4.6248740e-02   1.1443420e-01
   1.6218086e+04   4.8544710e-02   1.0896810e-01
   1.6405882e+04   5.0577440e-02   1.0361060e-01
   1.6595853e+04   5.2359560e-02   9.8366990e-02
   1.6788024e+04   5.3903480e-02   9.3241800e-02
   1.6982420e+04   5.5221340e-02   8.8239090e-02
   1.7179067e+04   5.6324970e-02   8.3362330e-02
   1.7377992e+04   5.7225940e-02   7.8614490e-02
   1.7579219e+04   5.7978410e-02   7.3989260e-02
   1.7782777e+04   5.8546970e-02   6.9495070e-02
   1.7988692e+04   5.8942310e-02   6.5133800e-02
   1.8196991e+04   5.9174890e-02   6.0906820e-02
   1.8407702e+04   5.9254800e-02   5.6815200e-02
   1.8620854e+04   5.9191860e-02   5.2859540e-02
   1.8836473e+04   5.8995580e-02   4.9040150e-02
   1.9054589e+04   5.8675180e-02   4.5356980e-02
   1.9275231e+04   5.7778650e-02   4.1743410e-02
   1.9498427e+04   5.6804840e-02   3.8300020e-02
   1.9724209e+04   5.5762070e-02   3.5022490e-02
   1.9952604e+04   5.4658240e-02   3.1906480e-02
   2.0183644e+04   5.3500780e-02   2.8947540e-02
   2.0417360e+04   5.2296680e-02   2.6141130e-02
   2.0653782e+04   5.1052530e-02   2.3482700e-02
   2.0892941e+04   4.9774520e-02   2.0967690e-02
   2.1134870e+04   4.8319230e-02   1.8854310e-02
   2.1379601e+04   4.6868090e-02   1.6862760e-02
   2.1627165e+04   4.5424040e-02   1.4988070e-02
   2.1877595e+04   4.3989800e-02   1.3225380e-02
   2.2130926e+04   4.2567830e-02   1.1569950e-02
   2.2387190e+04   4.1160380e-02   1.0017170e-02
   2.2646421e+04   3.9769520e-02   8.5625630e-03
   2.2908655e+04   3.8397080e-02   7.2017790e-03
   2.3173924e+04   3.7355680e-02   6.1057720e-03
   2.3442266e+04   3.6322120e-02   5.0677460e-03
   2.3713714e+04   3.5297480e-02   4.0857070e-03
   2.3988306e+04   3.4282710e-02   3.1576940e-03
   2.4266078e+04   3.3278760e-02   2.2817890e-03
   2.4547066e+04   3.2286460e-02   1.4561120e-03
   2.4831307e+04   3.1306570e-02   6.7882340e-04
   2.5118840e+04   3.0339830e-02  -5.1877500e-05
   2.5409703e+04   2.8871400e-02  -6.4330890e-04
   2.5703933e+04   2.7462400e-02  -1.1773890e-03
   2.6001571e+04   2.6111110e-02  -1.6580540e-03
   2.6302655e+04   2.4815770e-02  -2.0890190e-03
   2.6607225e+04   2.3574640e-02  -2.4737810e-03
   2.6915322e+04   2.2386010e-02  -2.8156380e-03
   2.7226987e+04   2.1248170e-02  -3.1176920e-03
   2.7542261e+04   2.0159440e-02  -3.3828620e-03
   2.7861185e+04   1.9257180e-02  -3.7543430e-03
   2.8183802e+04   1.8382110e-02  -4.0880120e-03
   2.8510155e+04   1.7534070e-02  -4.3860810e-03
   2.8840288e+04   1.6712890e-02  -4.6506780e-03
   2.9174242e+04   1.5918310e-02  -4.8838380e-03
   2.9512064e+04   1.5150050e-02  -5.0875030e-03
   2.9853798e+04   1.4407780e-02  -5.2635360e-03
   3.0199488e+04   1.3691140e-02  -5.4137050e-03
   3.0549182e+04   1.3200250e-02  -5.2524870e-03
   3.0902925e+04   1.2726880e-02  -5.0958980e-03
   3.1260764e+04   1.2270430e-02  -4.9438110e-03
   3.1622746e+04   1.1830280e-02  -4.7961050e-03
   3.1988921e+04   1.1405860e-02  -4.6526590e-03
   3.2359335e+04   1.0996610e-02  -4.5133580e-03
   3.2734038e+04   1.0601990e-02  -4.3780850e-03
   3.3113081e+04   1.0221470e-02  -4.2467330e-03
   3.3496512e+04   1.0059350e-02  -4.6066760e-03
   3.3884383e+04   9.8845790e-03  -4.9604620e-03
   3.4276746e+04   9.6973720e-03  -5.3076460e-03
   3.4673652e+04   9.4979910e-03  -5.6477940e-03
   3.5075154e+04   9.2866850e-03  -5.9804760e-03
   3.5481305e+04   9.0637450e-03  -6.3052760e-03
   3.5892159e+04   8.8294580e-03  -6.6217880e-03
   3.6307771e+04   8.5841320e-03  -6.9296160e-03
   3.6728195e+04   7.8660490e-03  -6.5906110e-03
   3.7153487e+04   7.2039450e-03  -6.2631280e-03
   3.7583705e+04   6.5937160e-03  -5.9473170e-03
   3.8018903e+04   6.0315330e-03  -5.6432330e-03
   3.8459142e+04   5.5138350e-03  -5.3508790e-03
   3.8904477e+04   5.0373140e-03  -5.0701860e-03
   3.9354970e+04   4.5988890e-03  -4.8010400e-03
   3.9810679e+04   4.1957020e-03  -4.5432770e-03
   4.0271665e+04   4.2103200e-03  -4.6156880e-03
   4.0737989e+04   4.2246380e-03  -4.6889290e-03
   4.1209713e+04   4.2386490e-03  -4.7630040e-03
   4.1686899e+04   4.2523420e-03  -4.8379240e-03
   4.2169610e+04   4.2657100e-03  -4.9136940e-03
   4.2657911e+04   4.2787430e-03  -4.9903180e-03
   4.3151867e+04   4.2914330e-03  -5.0678060e-03
   4.3651542e+04   4.3037770e-03  -5.1461730e-03
   4.4157003e+04   3.8363350e-03  -5.0692880e-03
   4.4668317e+04   3.3974410e-03  -4.9749720e-03
   4.5185551e+04   2.9863720e-03  -4.8654650e-03
   4.5708775e+04   2.6023400e-03  -4.7428690e-03
   4.6238058e+04   2.2445030e-03  -4.6091260e-03
   4.6773470e+04   1.9119710e-03  -4.4660410e-03
   4.7315081e+04   1.6038230e-03  -4.3152840e-03
   4.7862964e+04   1.3191070e-03  -4.1583790e-03
   4.8417191e+04   1.4651570e-03  -3.8578240e-03
   4.8977835e+04   1.5872420e-03  -3.5662610e-03
   4.9544972e+04   1.6871680e-03  -3.2844540e-03
   5.0118676e+04   1.7666810e-03  -3.0130300e-03
   5.0699022e+04   1.8274620e-03  -2.7524910e-03
   5.1286089e+04   1.8711250e-03  -2.5032170e-03
   5.1879954e+04   1.8992160e-03  -2.2654860e-03
   5.2480696e+04   1.9132060e-03  -2.0394780e-03
   5.3088394e+04   2.0262680e-03  -2.1024740e-03
   5.3703128e+04   2.1452000e-03  -2.1666570e-03
   5.4324981e+04   2.2702800e-03  -2.2319960e-03
   5.4954035e+04   2.4017950e-03  -2.2984550e-03
   5.5590373e+04   2.5400430e-03  -2.3659940e-03
   5.6234079e+04   2.6853380e-03  -2.4345640e-03
   5.6885239e+04   2.8380040e-03  -2.5041140e-03
   5.7543939e+04   2.9983810e-03  -2.5745780e-03
   5.8210266e+04   2.5237040e-03  -2.1228570e-03
   5.8884309e+04   2.1238010e-03  -1.7499560e-03
   5.9566158e+04   1.7869560e-03  -1.4421920e-03
   6.0255901e+04   1.5032800e-03  -1.1882430e-03
   6.0953632e+04   1.2644260e-03  -9.7874810e-04
   6.1659441e+04   1.0633470e-03  -8.0596640e-04
   6.2373424e+04   8.9410050e-04  -6.6349920e-04
   6.3095674e+04   7.5167080e-04  -5.4605640e-04
   6.3826288e+04   8.1262400e-04  -5.5130070e-04
   6.4565361e+04   8.7719280e-04  -5.5476850e-04
   6.5312993e+04   9.4552070e-04  -5.5623720e-04
   6.6069282e+04   1.0177520e-03  -5.5546580e-04
   6.6834328e+04   1.0940310e-03  -5.5219590e-04
   6.7608233e+04   1.1745000e-03  -5.4614860e-04
   6.8391100e+04   1.2593020e-03  -5.3702490e-04
   6.9183031e+04   1.3485770e-03  -5.2450490e-04
   6.9984133e+04   1.1069290e-03  -8.2996590e-04
   7.0794511e+04   8.0581160e-04  -1.0490870e-03
   7.1614273e+04   4.7214460e-04  -1.1733980e-03
   7.2443527e+04   1.3289550e-04  -1.2020290e-03
   7.3282383e+04  -1.8687720e-04  -1.1411120e-03
   7.4130953e+04  -4.6567570e-04  -1.0027440e-03
   7.4989349e+04  -6.8681560e-04  -8.0359460e-04
   7.5857685e+04  -8.3922120e-04  -5.6330870e-04
   7.6736076e+04  -8.3761790e-04  -6.3450690e-04
   7.7624638e+04  -8.3172680e-04  -7.0831120e-04
   7.8523489e+04  -8.2123010e-04  -7.8456580e-04
   7.9432748e+04  -8.0580840e-04  -8.6309070e-04
   8.0352536e+04  -7.8513880e-04  -9.4367920e-04
   8.1282974e+04  -7.5890070e-04  -1.0260980e-03
   8.2224187e+04  -7.2677350e-04  -1.1100860e-03
   8.3176298e+04  -6.8844190e-04  -1.1953540e-03
   8.4139434e+04  -9.8973120e-04  -8.9966280e-04
   8.5113723e+04  -1.1802980e-03  -5.3740770e-04
   8.6099293e+04  -1.2489220e-03  -1.4649850e-04
   8.7096276e+04  -1.1964720e-03   2.3473940e-04
   8.8104803e+04  -1.0351040e-03   5.7117980e-04
   8.9125009e+04  -7.8645030e-04   8.3399440e-04
   9.0157028e+04  -4.7902080e-04   1.0029750e-03
   9.1200997e+04  -1.4512530e-04   1.0679100e-03
   9.2257055e+04  -4.3841620e-04   9.7190410e-04
   9.3325341e+04  -6.8952570e-04   7.9824760e-04
   9.4405998e+04  -8.7876000e-04   5.6282980e-04
   9.5499168e+04  -9.9191890e-04   2.8626630e-04
   9.6604996e+04  -1.0213400e-03  -7.8916180e-06
   9.7723629e+04  -9.6639070e-04  -2.9515040e-04
   9.8855215e+04  -8.3337060e-04  -5.5210280e-04
   9.9999905e+04  -6.3484520e-04  -7.5832420e-04
