400.000	-0.051	0.015
800.000	-0.047	-0.006
1200.000	-0.048	-0.005
1600.000	-0.046	-0.013
2000.000	-0.045	-0.016
2400.000	-0.046	-0.016
2800.000	-0.040	-0.023
3200.000	-0.040	-0.023
3600.000	-0.038	-0.026
4000.000	-0.037	-0.028
4400.000	-0.035	-0.028
4800.000	-0.031	-0.032
5200.000	-0.030	-0.032
5600.000	-0.026	-0.035
6000.000	-0.025	-0.035
6400.000	-0.020	-0.037
6800.000	-0.018	-0.037
7200.000	-0.016	-0.037
7600.000	-0.013	-0.037
8000.000	-0.010	-0.037
8400.000	-0.007	-0.036
8800.000	-0.006	-0.036
9200.000	-0.004	-0.035
9600.000	-0.001	-0.034
10000.000	0.000	-0.033
10400.000	0.002	-0.032
10800.000	0.004	-0.031
11200.000	0.005	-0.029
11600.000	0.006	-0.028
12000.000	0.008	-0.027
12400.000	0.008	-0.026
12800.000	0.009	-0.024
13200.000	0.010	-0.023
13600.000	0.010	-0.022
14000.000	0.011	-0.020
14400.000	0.012	-0.019
14800.000	0.012	-0.018
15200.000	0.012	-0.017
15600.000	0.011	-0.016
16000.000	0.013	-0.018
16400.000	0.013	-0.012
16800.000	0.012	-0.013
17200.000	0.012	-0.012
17600.000	0.012	-0.011
18000.000	0.012	-0.011
18400.000	0.012	-0.010
18800.000	0.012	-0.009
19200.000	0.012	-0.007
19600.000	0.012	-0.007
20000.000	0.011	-0.007
