400.000	-0.766	-0.132
800.000	-0.726	-0.244
1200.000	-0.665	-0.331
1600.000	-0.587	-0.414
2000.000	-0.501	-0.472
2400.000	-0.412	-0.508
2800.000	-0.325	-0.529
3200.000	-0.245	-0.535
3600.000	-0.167	-0.529
4000.000	-0.106	-0.512
4400.000	-0.048	-0.489
4800.000	0.001	-0.462
5200.000	0.045	-0.432
5600.000	0.078	-0.401
6000.000	0.109	-0.367
6400.000	0.131	-0.335
6800.000	0.149	-0.302
7200.000	0.163	-0.270
7600.000	0.171	-0.241
8000.000	0.177	-0.214
8400.000	0.180	-0.188
8800.000	0.181	-0.163
9200.000	0.179	-0.142
9600.000	0.176	-0.121
10000.000	0.171	-0.103
10400.000	0.166	-0.087
10800.000	0.160	-0.072
11200.000	0.154	-0.059
11600.000	0.147	-0.047
12000.000	0.140	-0.036
12400.000	0.133	-0.028
12800.000	0.126	-0.020
13200.000	0.119	-0.013
13600.000	0.112	-0.008
14000.000	0.105	-0.003
14400.000	0.099	0.002
14800.000	0.093	0.006
15200.000	0.087	0.007
15600.000	0.081	0.010
16000.000	0.077	0.013
16400.000	0.072	0.014
16800.000	0.067	0.016
17200.000	0.063	0.017
17600.000	0.059	0.018
18000.000	0.055	0.018
18400.000	0.052	0.019
18800.000	0.048	0.020
19200.000	0.046	0.020
19600.000	0.043	0.019
20000.000	0.040	0.020
