   3.2453681e+00   5.0001346e+02   0.0000000e+00  -2.2415405e-01
   4.3518492e+00   4.9002911e+02   0.0000000e+00  -2.2688373e-01
   5.4502278e+00   4.7998352e+02   0.0000000e+00  -2.3112296e-01
   6.5011554e+00   4.6999917e+02   0.0000000e+00  -2.3541076e-01
   7.6180557e+00   4.6001483e+02   0.0000000e+00  -2.3956530e-01
   8.6666667e+00   4.5003049e+02   0.0000000e+00  -2.4336813e-01
   9.7777811e+00   4.3998489e+02   0.0000000e+00  -2.4762375e-01
   1.0848383e+01   4.3000055e+02   0.0000000e+00  -2.5129283e-01
   1.1993060e+01   4.2001620e+02   0.0000000e+00  -2.5524270e-01
   1.3060181e+01   4.0997061e+02   0.0000000e+00  -2.5907045e-01
   1.4124997e+01   3.9998626e+02   0.0000000e+00  -2.6288682e-01
   1.5245366e+01   3.9000192e+02   0.0000000e+00  -2.6693503e-01
   1.6289356e+01   3.8001758e+02   0.0000000e+00  -2.7022509e-01
   1.7434021e+01   3.6997198e+02   0.0000000e+00  -2.7383031e-01
   1.8451386e+01   3.5998764e+02   0.0000000e+00  -2.7712640e-01
   1.9547448e+01   3.5000329e+02   0.0000000e+00  -2.8035346e-01
   2.0635419e+01   3.4001895e+02   0.0000000e+00  -2.8359828e-01
   2.1726848e+01   3.2997335e+02   0.0000000e+00  -2.8614658e-01
   2.2857636e+01   3.1998901e+02   0.0000000e+00  -8.2628708e-01
   2.3908564e+01   3.1000467e+02   0.0000000e+00  -9.6126965e-01
   2.5001157e+01   3.0002032e+02   0.0000000e+00  -9.5968252e-01
   2.6092597e+01   2.8997473e+02   0.0000000e+00  -9.5404555e-01
   2.7202547e+01   2.7999038e+02   0.0000000e+00  -9.4370553e-01
   2.8258096e+01   2.7000604e+02   0.0000000e+00  -9.2927942e-01
   2.9377313e+01   2.6002170e+02   0.0000000e+00  -9.1211456e-01
   3.0467589e+01   2.4997610e+02   0.0000000e+00  -8.9285237e-01
   3.1513884e+01   2.3999176e+02   0.0000000e+00  -8.7175012e-01
   3.2605324e+01   2.3000741e+02   0.0000000e+00  -8.4841006e-01
   3.3699069e+01   2.2002307e+02   0.0000000e+00  -8.2379396e-01
   3.4819439e+01   2.0997747e+02   0.0000000e+00  -7.9790711e-01
   3.5861111e+01   1.9999313e+02   0.0000000e+00  -7.7107594e-01
   3.6971061e+01   1.9000879e+02   0.0000000e+00  -7.4151766e-01
   3.8043980e+01   1.8002445e+02   0.0000000e+00  -7.1154870e-01
   3.9153930e+01   1.6997885e+02   0.0000000e+00  -6.7921496e-01
   4.0209491e+01   1.5999451e+02   0.0000000e+00  -6.3990403e-01
   4.1299767e+01   1.5001016e+02   0.0000000e+00  -5.8800345e-01
   4.2393513e+01   1.4002582e+02   0.0000000e+00  -5.3091837e-01
   4.3480319e+01   1.2998022e+02   0.0000000e+00  -4.5718199e-01
   4.4559024e+01   1.1999588e+02   0.0000000e+00  -3.5412720e-01
   4.5648147e+01   1.1001154e+02   0.0000000e+00  -1.9200677e-01
   4.6811346e+01   1.0002719e+02   0.0000000e+00   1.2330840e+00
   4.7887734e+01   8.9981596e+01   0.0000000e+00   1.4101742e+00
   4.8959488e+01   7.9997253e+01   0.0000000e+00   1.1685565e+00
   5.0273142e+01   7.0012910e+01   0.0000000e+00   9.1741287e-01
   5.1394675e+01   6.0028566e+01   0.0000000e+00   6.8553037e-01
   5.2438653e+01   4.9982970e+01   0.0000000e+00   4.5748134e-01
   5.3715275e+01   3.9998626e+01   0.0000000e+00   1.5496449e-01
   5.4842595e+01   3.0014283e+01   0.0000000e+00  -1.3435925e-01
   5.5964116e+01   2.0029940e+01   0.0000000e+00  -3.5448930e-01
   5.7008106e+01   9.9843432e+00   0.0000000e+00  -6.4963281e-01
   5.8100699e+01   0.0000000e+00   0.0000000e+00  -1.0364116e+00
