   3.1145872e+00  -5.0001346e+02   0.0000000e+00   1.3991161e-02
   4.2500091e+00  -4.9002911e+02   0.0000000e+00   1.6760277e-02
   5.2951393e+00  -4.7998352e+02   0.0000000e+00   2.0865358e-02
   6.4201420e+00  -4.6999917e+02   0.0000000e+00   2.5346029e-02
   7.4976939e+00  -4.6001483e+02   0.0000000e+00   2.9081058e-02
   8.6041749e+00  -4.5003049e+02   0.0000000e+00   3.3093585e-02
   9.7268610e+00  -4.3998489e+02   0.0000000e+00   3.7116933e-02
   1.0831025e+01  -4.3000055e+02   0.0000000e+00   4.1096544e-02
   1.1906249e+01  -4.2001620e+02   0.0000000e+00   4.5035044e-02
   1.2973382e+01  -4.0997061e+02   0.0000000e+00   4.8992535e-02
   1.4063658e+01  -3.9998626e+02   0.0000000e+00   5.3239507e-02
   1.5155098e+01  -3.9000192e+02   0.0000000e+00   5.7085940e-02
   1.6267365e+01  -3.8001758e+02   0.0000000e+00   6.0668583e-02
   1.7357641e+01  -3.6997198e+02   0.0000000e+00   6.4208300e-02
   1.8449081e+01  -3.5998764e+02   0.0000000e+00   6.7597343e-02
   1.9541674e+01  -3.5000329e+02   0.0000000e+00   7.1316882e-02
   2.0649307e+01  -3.4001895e+02   0.0000000e+00   7.4582831e-02
   2.1784729e+01  -3.2997335e+02   0.0000000e+00   7.7787073e-02
   2.2833340e+01  -3.1998901e+02   0.0000000e+00   8.0185547e-02
   2.3923616e+01  -3.1000467e+02   0.0000000e+00   8.2256222e-02
   2.5033567e+01  -3.0002032e+02   0.0000000e+00   8.3604755e-02
   2.6107638e+01  -2.8997473e+02   0.0000000e+00   8.2316022e-02
   2.7241907e+01  -2.7999038e+02   0.0000000e+00   7.7087177e-02
   2.8348388e+01  -2.7000604e+02   0.0000000e+00   6.6620718e-02
   2.9401621e+01  -2.6002170e+02   0.0000000e+00   5.1551237e-02
   3.0549767e+01  -2.4997610e+02   0.0000000e+00   3.2503591e-02
   3.1601859e+01  -2.3999176e+02   0.0000000e+00   1.2542406e-02
   3.2694452e+01  -2.3000741e+02   0.0000000e+00  -1.0543881e-02
   3.3804402e+01  -2.2002307e+02   0.0000000e+00  -3.5057934e-02
   3.4894678e+01  -2.0997747e+02   0.0000000e+00  -6.1017470e-02
   3.6026619e+01  -1.9999313e+02   0.0000000e+00  -8.8524403e-02
   3.7263893e+01  -1.9000879e+02   0.0000000e+00  -1.1834412e-01
   3.8373843e+01  -1.8002445e+02   0.0000000e+00  -1.5068459e-01
   3.9449078e+01  -1.6997885e+02   0.0000000e+00  -1.8183430e-01
   4.0539354e+01  -1.5999451e+02   0.0000000e+00  -2.2071070e-01
   4.1629630e+01  -1.5001016e+02   0.0000000e+00  -2.6561017e-01
   4.2701396e+01  -1.4002582e+02   0.0000000e+00  -3.2283086e-01
   4.3811346e+01  -1.2998022e+02   0.0000000e+00  -3.9431896e-01
   4.4902787e+01  -1.1999588e+02   0.0000000e+00  -4.9203698e-01
   4.6015054e+01  -1.1001154e+02   0.0000000e+00  -6.2841948e-01
   4.7049776e+01  -1.0002719e+02   0.0000000e+00  -9.0024131e-01
   4.8197922e+01  -8.9981596e+01   0.0000000e+00  -1.9975757e+00
   4.9269677e+01  -7.9997253e+01   0.0000000e+00  -2.0653970e+00
   5.0362269e+01  -7.0012910e+01   0.0000000e+00  -1.8111324e+00
   5.1471067e+01  -6.0028566e+01   0.0000000e+00  -1.5687466e+00
   5.2567129e+01  -4.9982970e+01   0.0000000e+00  -1.3302182e+00
   5.3825241e+01  -3.9998626e+01   0.0000000e+00  -1.0747703e+00
   5.4894679e+01  -3.0014283e+01   0.0000000e+00  -7.7286971e-01
   5.6003476e+01  -2.0029940e+01   0.0000000e+00  -5.2499656e-01
   5.7105324e+01  -9.9843432e+00   0.0000000e+00  -2.3641673e-01
   5.8375008e+01   0.0000000e+00   0.0000000e+00   1.6194311e-01
