   3.0193700e+00   1.0200000e+02
   3.0200400e+00   9.9000000e+01
   3.0206100e+00   9.6500000e+01
   3.0211700e+00   9.4000000e+01
   3.0217600e+00   9.1500000e+01
   3.0223600e+00   8.9000000e+01
   3.0230000e+00   8.6500000e+01
   3.0236800e+00   8.4000000e+01
   3.0244000e+00   8.1500000e+01
   3.0251900e+00   7.9000000e+01
   3.0260500e+00   7.6500000e+01
   3.0269800e+00   7.4000000e+01
   3.0280100e+00   7.1500000e+01
   3.0291300e+00   6.9000000e+01
   3.0301100e+00   6.7000000e+01
   3.0311600e+00   6.5000000e+01
   3.0322900e+00   6.3000000e+01
   3.0335100e+00   6.1000000e+01
   3.0348200e+00   5.9000000e+01
   3.0362300e+00   5.7000000e+01
   3.0377500e+00   5.5000000e+01
   3.0393700e+00   5.3000000e+01
   3.0411200e+00   5.1000000e+01
   3.0429800e+00   4.9000000e+01
   3.0447800e+00   4.7200000e+01
   3.0466800e+00   4.5400000e+01
   3.0487000e+00   4.3600000e+01
   3.0508400e+00   4.1800000e+01
   3.0532400e+00   3.9900000e+01
   3.0555200e+00   3.8200000e+01
   3.0579300e+00   3.6500000e+01
   3.0603200e+00   3.4900000e+01
   3.0628300e+00   3.3300000e+01
   3.0654900e+00   3.1700000e+01
   3.0681000e+00   3.0200000e+01
   3.0708600e+00   2.8700000e+01
   3.0737600e+00   2.7200000e+01
   3.0766100e+00   2.5800000e+01
   3.0793900e+00   2.4500000e+01
   3.0823100e+00   2.3200000e+01
   3.0853800e+00   2.1900000e+01
   3.0883700e+00   2.0700000e+01
   3.0907200e+00   1.9800000e+01
   3.0926200e+00   1.9100000e+01
   3.0945800e+00   1.8400000e+01
   3.0966100e+00   1.7700000e+01
   3.0985600e+00   1.7050000e+01
   3.1005800e+00   1.6400000e+01
   3.1026700e+00   1.5750000e+01
   3.1046800e+00   1.5150000e+01
   3.1067600e+00   1.4550000e+01
   3.1089200e+00   1.3950000e+01
   3.1109800e+00   1.3400000e+01
   3.1131300e+00   1.2850000e+01
   3.1153600e+00   1.2300000e+01
   3.1174700e+00   1.1800000e+01
   3.1196600e+00   1.1300000e+01
   3.1219500e+00   1.0800000e+01
   3.1243500e+00   1.0300000e+01
   3.1266000e+00   9.8500000e+00
   3.1289600e+00   9.4000000e+00
   3.1314200e+00   8.9500000e+00
   3.1337200e+00   8.5500000e+00
   3.1361200e+00   8.1500000e+00
   3.1386400e+00   7.7500000e+00
   3.1412900e+00   7.3500000e+00
   3.1440800e+00   6.9500000e+00
   3.1466500e+00   6.6000000e+00
   3.1493700e+00   6.2500000e+00
   3.1524000e+00   5.8800000e+00
   3.1553700e+00   5.5400000e+00
   3.1583200e+00   5.2200000e+00
   3.1612700e+00   4.9200000e+00
   3.1644000e+00   4.6200000e+00
   3.1677600e+00   4.3200000e+00
   3.1711200e+00   4.0400000e+00
   3.1738000e+00   3.8300000e+00
   3.1762400e+00   3.6500000e+00
   3.1788100e+00   3.4700000e+00
   3.1815300e+00   3.2900000e+00
   3.1842600e+00   3.1200000e+00
   3.1871800e+00   2.9500000e+00
   3.1901100e+00   2.7900000e+00
   3.1932600e+00   2.6300000e+00
   3.1964300e+00   2.4800000e+00
   3.1998500e+00   2.3300000e+00
   3.2033200e+00   2.1900000e+00
   3.2070900e+00   2.0500000e+00
   3.2109100e+00   1.9200000e+00
   3.2151200e+00   1.7900000e+00
   3.2193900e+00   1.6700000e+00
   3.2237100e+00   1.5600000e+00
   3.2284900e+00   1.4500000e+00
   3.2338300e+00   1.3400000e+00
   3.2392700e+00   1.2400000e+00
   3.2428500e+00   1.1800000e+00
   3.2457200e+00   1.1350000e+00
   3.2487700e+00   1.0900000e+00
   3.2520000e+00   1.0450000e+00
   3.2554500e+00   1.0000000e+00
   3.2587100e+00   9.6000000e-01
   3.2621700e+00   9.2000000e-01
   3.2658700e+00   8.8000000e-01
   3.2698200e+00   8.4000000e-01
   3.2740500e+00   8.0000000e-01
   3.2780200e+00   7.6500000e-01
   3.2822500e+00   7.3000000e-01
   3.2867800e+00   6.9500000e-01
   3.2916600e+00   6.6000000e-01
   3.2969100e+00   6.2500000e-01
   3.3017500e+00   5.9500000e-01
   3.3069400e+00   5.6500000e-01
   3.3125200e+00   5.3500000e-01
   3.3185400e+00   5.0500000e-01
   3.3235000e+00   4.8200000e-01
   3.3280700e+00   4.6200000e-01
   3.3329200e+00   4.4200000e-01
   3.3380600e+00   4.2200000e-01
   3.3429600e+00   4.0400000e-01
   3.3499600e+00   3.8000000e-01
   3.3562300e+00   3.6000000e-01
   3.3629600e+00   3.4000000e-01
   3.3702000e+00   3.2000000e-01
   3.3780200e+00   3.0000000e-01
   3.3865100e+00   2.8000000e-01
   3.3957600e+00   2.6000000e-01
   3.4058900e+00   2.4000000e-01
   3.4170800e+00   2.2000000e-01
   3.4295100e+00   2.0000000e-01
   3.4328400e+00   1.9500000e-01
   3.4362700e+00   1.9000000e-01
   3.4398100e+00   1.8500000e-01
   3.4434600e+00   1.8000000e-01
   3.4472200e+00   1.7500000e-01
   3.4511000e+00   1.7000000e-01
   3.4536300e+00   1.6500000e-01
   3.4563200e+00   1.6000000e-01
   3.4591300e+00   1.5500000e-01
   3.4636100e+00   1.5000000e-01
   3.4667600e+00   1.4500000e-01
   3.4700900e+00   1.4000000e-01
   3.4736400e+00   1.3500000e-01
   3.4788600e+00   1.3000000e-01
   3.4843600e+00   1.2500000e-01
   3.4900400e+00   1.2000000e-01
   3.4945700e+00   1.1500000e-01
   3.5008800e+00   1.1000000e-01
   3.5075300e+00   1.0500000e-01
   3.5145300e+00   1.0000000e-01
   3.5234200e+00   9.5000000e-02
   3.5327000e+00   9.0000000e-02
   3.5396400e+00   8.5000000e-02
   3.5515700e+00   8.0000000e-02
   3.5627000e+00   7.5000000e-02
   3.5715800e+00   7.0000000e-02
   3.5858100e+00   6.5000000e-02
   3.6011100e+00   6.0000000e-02
   3.6146800e+00   5.5000000e-02
   3.6297800e+00   5.0000000e-02
   3.6363200e+00   4.8000000e-02
   3.6397100e+00   4.7000000e-02
   3.6467500e+00   4.5000000e-02
   3.6504100e+00   4.4000000e-02
   3.6580400e+00   4.2000000e-02
   3.6661000e+00   4.0000000e-02
   3.6703100e+00   3.9000000e-02
   3.6746600e+00   3.8000000e-02
   3.6791400e+00   3.7000000e-02
   3.6837600e+00   3.6000000e-02
   3.6885400e+00   3.5000000e-02
   3.6934900e+00   3.4000000e-02
   3.6986000e+00   3.3000000e-02
   3.7039100e+00   3.2000000e-02
   3.7094200e+00   3.1000000e-02
   3.7151400e+00   3.0000000e-02
   3.7210900e+00   2.9000000e-02
   3.7272900e+00   2.8000000e-02
   3.7337600e+00   2.7000000e-02
   3.7405200e+00   2.6000000e-02
   3.7475900e+00   2.5000000e-02
   3.7550100e+00   2.4000000e-02
   3.7628000e+00   2.3000000e-02
   3.7710000e+00   2.2000000e-02
   3.7796500e+00   2.1000000e-02
   3.7887900e+00   2.0000000e-02
   3.7984800e+00   1.9000000e-02
   3.8087800e+00   1.8000000e-02
   3.8197400e+00   1.7000000e-02
   3.8314500e+00   1.6000000e-02
   3.8439900e+00   1.5000000e-02
   3.8574400e+00   1.4000000e-02
   3.8718800e+00   1.3000000e-02
   3.8874000e+00   1.2000000e-02
   3.9040000e+00   1.1000000e-02
   3.9216000e+00   1.0000000e-02
   3.9397900e+00   9.0000000e-03
   3.9575800e+00   8.0000000e-03
   3.9724000e+00   7.0000000e-03
